term,relative_frequency
bär,5.8186896310950775e-05
püppchen,5.8186896310950775e-05
mal,0.0015128593040847202
total,5.8186896310950775e-05
überreagiert,5.8186896310950775e-05
sofort,0.0006982427557314093
jeglichen,5.8186896310950775e-05
unangemeldeten,5.8186896310950775e-05
süßigkeiten,5.8186896310950775e-05
konsum,5.8186896310950775e-05
verboten,5.8186896310950775e-05
gehen,0.0006400558594204585
davon,0.0002327475852438031
vorgehen,5.8186896310950775e-05
jungen,0.000523682066798557
abgestimmt,5.8186896310950775e-05
denken,5.8186896310950775e-05
wäre,0.00040730827417665544
gut,0.001571046200395671
rechtsvertretern,5.8186896310950775e-05
kontakt,0.00040730827417665544
aufnehmen,5.8186896310950775e-05
könnten,0.00011637379262190155
sobald,0.0002909344815547539
verrätst,5.8186896310950775e-05
vorhast,5.8186896310950775e-05
zustimmen,5.8186896310950775e-05
rasch,0.00017456068893285232
scheint,0.00011637379262190155
zeit,0.0006982427557314093
schöne,0.00017456068893285232
grüße,5.8186896310950775e-05
feuchten,5.8186896310950775e-05
kuss,0.00040730827417665544
liebe,0.00011637379262190155
tonksps,5.8186896310950775e-05
korrigierte,5.8186896310950775e-05
nachdrücklich,5.8186896310950775e-05
streckte,0.0004654951704876062
kleine,0.0007564296520423601
hand,0.0012219248225299663
ausgesprochen,5.8186896310950775e-05
klebrig,5.8186896310950775e-05
aussah,0.0002909344815547539
versteckte,5.8186896310950775e-05
beinen,5.8186896310950775e-05
entging,5.8186896310950775e-05
knapp,5.8186896310950775e-05
zusammenstoß,5.8186896310950775e-05
geistesgegenwärtig,5.8186896310950775e-05
schritt,0.00017456068893285232
seite,0.0004654951704876062
machte,0.0005818689631095078
herzte,5.8186896310950775e-05
ausführlich,5.8186896310950775e-05
stand,0.00040730827417665544
schließlich,0.0006982427557314093
lass,0.0002909344815547539
sehen,0.0008728034446642616
fängst,5.8186896310950775e-05
sagte,0.0027347841266146863
lauter,0.00011637379262190155
beabsichtigt,5.8186896310950775e-05
schleuderte,5.8186896310950775e-05
geradewegs,5.8186896310950775e-05
gesicht,0.0006400558594204585
wusste,0.0006982427557314093
lächelte,0.000523682066798557
bisschen,0.0002909344815547539
beobachtete,0.0005818689631095078
wiederum,0.00011637379262190155
liebsten,5.8186896310950775e-05
warnen,5.8186896310950775e-05
gleichzeitig,0.00011637379262190155
aries,0.001280111718840917
brötchen,5.8186896310950775e-05
angerührt,5.8186896310950775e-05
ebenfalls,0.00040730827417665544
antwortete,0.0005818689631095078
ja,0.0013382986151518677
griff,0.000523682066798557
tasse,0.0002327475852438031
anzuheben,5.8186896310950775e-05
schluck,5.8186896310950775e-05
trinken,5.8186896310950775e-05
warum,0.000523682066798557
überhaupt,0.00017456068893285232
sinn,0.0002327475852438031
kam,0.0011055510299080647
gesichtsausdruck,0.00017456068893285232
dachte,0.0004654951704876062
wurde,0.0008728034446642616
schlecht,0.00017456068893285232
einfach,0.0007564296520423601
gegangen,0.00017456068893285232
nachts,5.8186896310950775e-05
bett,0.0007564296520423601
gästebett,5.8186896310950775e-05
schlich,5.8186896310950775e-05
offenbar,0.00017456068893285232
unterwegs,0.00011637379262190155
gerade,0.0007564296520423601
dabei,0.000523682066798557
geschichte,0.0002909344815547539
vorzulesen,0.00011637379262190155
schon,0.002385662748748982
grenzen,5.8186896310950775e-05
hinwegsetzte,5.8186896310950775e-05
froh,0.0002327475852438031
genau,0.0002909344815547539
weisst,5.8186896310950775e-05
buch,0.00017456068893285232
deutete,0.00017456068893285232
erinnerte,5.8186896310950775e-05
mehr,0.0011055510299080647
vorgelesen,5.8186896310950775e-05
daran,0.00040730827417665544
zuhörte,5.8186896310950775e-05
egal,0.00011637379262190155
haarfarbe,0.00017456068893285232
schluckte,5.8186896310950775e-05
schlafenszeit,0.00011637379262190155
warf,0.0002327475852438031
blick,0.0008146165483533109
glücklich,0.00017456068893285232
schlafen,0.00034912137786570463
kissenschlachten,5.8186896310950775e-05
verzog,5.8186896310950775e-05
erhob,0.00017456068893285232
rücken,0.0002327475852438031
legte,0.0006400558594204585
tatsächlich,0.00017456068893285232
kopf,0.0007564296520423601
kissen,5.8186896310950775e-05
ab,0.0005818689631095078
schlüpfte,5.8186896310950775e-05
decke,0.00017456068893285232
gute,0.0002327475852438031
nacht,0.0002327475852438031
leise,0.000523682066798557
erwiderte,0.000523682066798557
gruss,5.8186896310950775e-05
patenkind,0.00017456068893285232
gewissen,0.00011637379262190155
unruhe,5.8186896310950775e-05
fragte,0.001280111718840917
spät,0.0002909344815547539
gelassen,0.00011637379262190155
erzählt,0.0002327475852438031
verstanden,0.00011637379262190155
tat,0.00034912137786570463
nehmen,0.00011637379262190155
lassen,0.00040730827417665544
zuzusehen,5.8186896310950775e-05
brachte,0.00034912137786570463
seltsam,5.8186896310950775e-05
fand,0.00040730827417665544
beobachtung,5.8186896310950775e-05
stehen,0.0002327475852438031
gestreichelt,5.8186896310950775e-05
gewünscht,5.8186896310950775e-05
ausführte,5.8186896310950775e-05
sah,0.0016874199930175724
nickte,0.0008146165483533109
wohl,0.0002327475852438031
zeichen,0.00011637379262190155
erzählen,5.8186896310950775e-05
versteckt,0.00011637379262190155
ansah,0.00011637379262190155
foto,5.8186896310950775e-05
mutter,0.0008146165483533109
hinterlassen,5.8186896310950775e-05
sicher,0.000523682066798557
stellte,0.0006400558594204585
fragen,0.0004654951704876062
darin,0.00017456068893285232
dinge,0.00011637379262190155
frage,0.00040730827417665544
stellen,0.00017456068893285232
sogar,0.000523682066798557
gegenfragen,5.8186896310950775e-05
kosteten,5.8186896310950775e-05
spielten,0.0002327475852438031
inneren,5.8186896310950775e-05
hauses,0.00011637379262190155
regnete,5.8186896310950775e-05
verstand,0.0002327475852438031
ausgerechnet,5.8186896310950775e-05
wetter,5.8186896310950775e-05
aussuchte,5.8186896310950775e-05
garten,0.0002909344815547539
sitzen,0.00011637379262190155
losgelaufen,5.8186896310950775e-05
aussprechen,0.00011637379262190155
hörte,0.0004654951704876062
abends,5.8186896310950775e-05
gutenachtgeschichte,5.8186896310950775e-05
vorlas,0.00011637379262190155
müdigkeit,5.8186896310950775e-05
direkt,0.00017456068893285232
kinderbett,0.00011637379262190155
einschlief,5.8186896310950775e-05
glaubte,5.8186896310950775e-05
kurzen,0.0002327475852438031
moment,0.00040730827417665544
silhouette,5.8186896310950775e-05
tür,0.000523682066798557
auszumachen,5.8186896310950775e-05
vielleicht,0.0002909344815547539
platz,0.0002327475852438031
sagten,0.00011637379262190155
augen,0.000989177237286163
warte,5.8186896310950775e-05
zeige,5.8186896310950775e-05
sagen,0.0002909344815547539
hause,0.0002327475852438031
runzelte,0.00017456068893285232
stirn,0.0002909344815547539
roch,0.00011637379262190155
zimt,5.8186896310950775e-05
gebäck,5.8186896310950775e-05
konnte,0.0016292330967066218
schwer,0.00011637379262190155
abwenden,5.8186896310950775e-05
letzten,0.0002327475852438031
kekse,5.8186896310950775e-05
ofen,0.00011637379262190155
schoben,5.8186896310950775e-05
nahm,0.0006400558594204585
endlich,0.000523682066798557
besuchte,5.8186896310950775e-05
begann,0.0002327475852438031
physiotherapie,5.8186896310950775e-05
traf,5.8186896310950775e-05
zweimal,5.8186896310950775e-05
butterbier,5.8186896310950775e-05
half,5.8186896310950775e-05
wände,5.8186896310950775e-05
spätere,5.8186896310950775e-05
kinderzimmer,0.00011637379262190155
streichen,5.8186896310950775e-05
kümmerte,0.00011637379262190155
sonntagnachmittag,5.8186896310950775e-05
abholte,5.8186896310950775e-05
zoo,0.0002909344815547539
begegnete,5.8186896310950775e-05
begeistert,0.0002327475852438031
tieren,5.8186896310950775e-05
sprach,0.00011637379262190155
langsam,0.00034912137786570463
kuscheltier,0.00017456068893285232
neben,0.0007564296520423601
boden,0.0005818689631095078
lag,0.00011637379262190155
trug,0.00011637379262190155
oft,0.00017456068893285232
herum,0.00011637379262190155
ganz,0.0014546724077737693
hauselfe,0.00017456068893285232
zaubereiministerium,5.8186896310950775e-05
bereit,0.00011637379262190155
abschluss,5.8186896310950775e-05
zaubertrankkunde,5.8186896310950775e-05
anzuerkennen,5.8186896310950775e-05
spätabends,5.8186896310950775e-05
nachdem,0.00040730827417665544
gebracht,5.8186896310950775e-05
wohnzimmer,0.00034912137786570463
leben,0.00034912137786570463
erstaunliche,5.8186896310950775e-05
routine,5.8186896310950775e-05
gefunden,0.0002909344815547539
beständig,5.8186896310950775e-05
heilsam,5.8186896310950775e-05
seele,5.8186896310950775e-05
nahe,0.00011637379262190155
gekommen,5.8186896310950775e-05
miteinander,5.8186896310950775e-05
geschlafen,5.8186896310950775e-05
aufregung,5.8186896310950775e-05
wechselte,0.00017456068893285232
haarfarben,5.8186896310950775e-05
genauso,0.00040730827417665544
schnell,0.0005818689631095078
tränen,5.8186896310950775e-05
küche,0.0006400558594204585
tasche,5.8186896310950775e-05
absuchte,0.00011637379262190155
innerlich,0.00011637379262190155
uhr,5.8186896310950775e-05
verloren,5.8186896310950775e-05
schluchzte,5.8186896310950775e-05
schaffte,0.00017456068893285232
beim,0.0006400558594204585
zähneputzen,5.8186896310950775e-05
rief,0.000523682066798557
flur,0.0002327475852438031
treppe,0.0004654951704876062
hochsauste,5.8186896310950775e-05
badezimmer,0.0002327475852438031
stieg,0.0002909344815547539
treppen,0.00011637379262190155
oben,5.8186896310950775e-05
betrat,0.0002909344815547539
arm,0.0008728034446642616
scannte,5.8186896310950775e-05
regale,0.00011637379262190155
lief,0.0002909344815547539
richtung,0.00017456068893285232
bettes,5.8186896310950775e-05
bettdecke,5.8186896310950775e-05
weiss,5.8186896310950775e-05
bingo,0.00011637379262190155
wesen,5.8186896310950775e-05
murmelte,0.0004654951704876062
troll,0.00011637379262190155
klang,5.8186896310950775e-05
entrüstet,5.8186896310950775e-05
soweit,0.00011637379262190155
erinnern,5.8186896310950775e-05
schuppen,5.8186896310950775e-05
federn,5.8186896310950775e-05
fell,5.8186896310950775e-05
verachtet,5.8186896310950775e-05
natürlich,0.00040730827417665544
glücklicherweise,0.00011637379262190155
blieben,0.00017456068893285232
weitere,0.00017456068893285232
antworten,5.8186896310950775e-05
erspart,5.8186896310950775e-05
jubelschreie,5.8186896310950775e-05
hielt,0.0006982427557314093
jauchzend,5.8186896310950775e-05
höhe,0.00011637379262190155
gelegt,0.00011637379262190155
gemacht,0.0002909344815547539
wort,0.00011637379262190155
vater,0.0002327475852438031
cousin,0.0002909344815547539
mann,0.00034912137786570463
kannte,0.00011637379262190155
verzweifelt,5.8186896310950775e-05
versuchte,0.00034912137786570463
aufzustehen,0.00011637379262190155
schubste,5.8186896310950775e-05
irgendwie,0.00011637379262190155
helfen,0.00011637379262190155
insbesondere,5.8186896310950775e-05
beruhig,5.8186896310950775e-05
ging,0.0008728034446642616
gesetzt,5.8186896310950775e-05
hingedrängt,5.8186896310950775e-05
kniete,5.8186896310950775e-05
überraschte,0.00011637379262190155
beide,0.00017456068893285232
ton,5.8186896310950775e-05
gaben,5.8186896310950775e-05
hände,0.000523682066798557
knie,5.8186896310950775e-05
erschrocken,0.0002909344815547539
nie,0.00040730827417665544
erwartet,0.00017456068893285232
besonders,0.00011637379262190155
kannten,5.8186896310950775e-05
obwohl,0.0002327475852438031
verwandt,5.8186896310950775e-05
zog,0.0008146165483533109
hoch,0.00017456068893285232
schaute,0.0005818689631095078
versichern,5.8186896310950775e-05
immer,0.0019201675782613756
verwirrt,0.00017456068893285232
schauten,0.00011637379262190155
vorher,5.8186896310950775e-05
wandte,5.8186896310950775e-05
nebeneinander,0.00011637379262190155
schweigend,5.8186896310950775e-05
gang,5.8186896310950775e-05
entlang,0.0002327475852438031
mr,0.00011637379262190155
gespräch,0.0002909344815547539
vertieft,0.00011637379262190155
oma,0.0002327475852438031
setzten,0.00017456068893285232
couch,0.00017456068893285232
unterhielten,0.00011637379262190155
danke,0.00017456068893285232
kommt,0.0002909344815547539
nimmt,5.8186896310950775e-05
schenkt,5.8186896310950775e-05
kleines,0.00017456068893285232
lächeln,0.0006400558594204585
bevor,0.00034912137786570463
zuwendet,5.8186896310950775e-05
gespielt,0.0002327475852438031
ernst,0.00017456068893285232
wende,5.8186896310950775e-05
lächelnd,0.000523682066798557
schaue,5.8186896310950775e-05
fixiert,5.8186896310950775e-05
schaut,5.8186896310950775e-05
stirnrunzelnd,5.8186896310950775e-05
konzentriere,5.8186896310950775e-05
stärker,0.00011637379262190155
versuche,0.00011637379262190155
herauszufinden,5.8186896310950775e-05
interessant,5.8186896310950775e-05
haaren,0.0002327475852438031
grund,0.00017456068893285232
suche,0.00017456068893285232
kneift,5.8186896310950775e-05
zusammen,0.000989177237286163
bekommt,5.8186896310950775e-05
konzentrierten,5.8186896310950775e-05
ausdruck,5.8186896310950775e-05
malfoynachdenklich,5.8186896310950775e-05
folge,5.8186896310950775e-05
sehe,5.8186896310950775e-05
gehe,5.8186896310950775e-05
gedanklich,5.8186896310950775e-05
vergangenen,5.8186896310950775e-05
abend,0.0004654951704876062
zeitpunkt,0.00011637379262190155
festzustellen,5.8186896310950775e-05
bergab,5.8186896310950775e-05
angefangen,0.00011637379262190155
essen,0.0004654951704876062
wiedersehen,0.00011637379262190155
kennengelernt,0.00011637379262190155
lil,5.8186896310950775e-05
fall,0.00017456068893285232
gespannt,0.00011637379262190155
sagt,0.00017456068893285232
klein,0.00017456068893285232
finds,5.8186896310950775e-05
toll,0.00017456068893285232
d,5.8186896310950775e-05
richtiges,0.00011637379262190155
rudel,5.8186896310950775e-05
vertrauensprobleme,5.8186896310950775e-05
bekommen,0.0002327475852438031
erkennt,5.8186896310950775e-05
toller,5.8186896310950775e-05
alpha,5.8186896310950775e-05
blue,5.8186896310950775e-05
teil,5.8186896310950775e-05
rudels,5.8186896310950775e-05
ansieht,5.8186896310950775e-05
blutsverwandt,5.8186896310950775e-05
gleiche,0.0002327475852438031
schicksal,5.8186896310950775e-05
teile,5.8186896310950775e-05
kleinen,0.0008146165483533109
anzug,5.8186896310950775e-05
gesteckt,5.8186896310950775e-05
à,5.8186896310950775e-05
la,5.8186896310950775e-05
muggle,5.8186896310950775e-05
senior,0.00011637379262190155
gefallen,5.8186896310950775e-05
interessiert,5.8186896310950775e-05
leider,0.00017456068893285232
nein,0.00017456068893285232
weasleys,0.0005818689631095078
verschiedenen,5.8186896310950775e-05
richter,5.8186896310950775e-05
glauben,5.8186896310950775e-05
unschuldig,5.8186896310950775e-05
nächsten,0.0004654951704876062
witz,5.8186896310950775e-05
abseits,0.00011637379262190155
unterhielt,5.8186896310950775e-05
blicke,0.00017456068893285232
spürte,0.00011637379262190155
drehte,0.0005818689631095078
winkte,0.0002909344815547539
gar,0.00040730827417665544
stören,5.8186896310950775e-05
astoria,0.0007564296520423601
störst,5.8186896310950775e-05
liebes,5.8186896310950775e-05
wand,0.0002909344815547539
anblick,0.00011637379262190155
völlig,0.00011637379262190155
entgeistert,5.8186896310950775e-05
schien,0.000523682066798557
wanderte,5.8186896310950775e-05
spielte,0.0002909344815547539
weshalb,0.0002327475852438031
zuwandte,5.8186896310950775e-05
jubellaute,5.8186896310950775e-05
fein,5.8186896310950775e-05
mrs,5.8186896310950775e-05
klatschte,0.00011637379262190155
s,0.00017456068893285232
hilfe,5.8186896310950775e-05
ehemaligen,5.8186896310950775e-05
slytherin,0.00011637379262190155
inklusive,5.8186896310950775e-05
unbeschadet,5.8186896310950775e-05
gelungen,5.8186896310950775e-05
kindergeschrei,5.8186896310950775e-05
unterbrochen,0.00011637379262190155
haus,0.0005818689631095078
aufgerissen,5.8186896310950775e-05
türkisfarbener,5.8186896310950775e-05
haarschopf,5.8186896310950775e-05
flog,0.00017456068893285232
entgegen,0.0002327475852438031
tante,0.0005818689631095078
onkel,0.0005818689631095078
umarmte,0.0002909344815547539
stürmisch,5.8186896310950775e-05
beiden,0.0008728034446642616
erst,0.00034912137786570463
eher,0.0002327475852438031
widerwillig,5.8186896310950775e-05
stück,0.00011637379262190155
zurück,0.0004654951704876062
packte,0.00017456068893285232
her,0.00040730827417665544
entschuldigt,5.8186896310950775e-05
zumindest,0.00011637379262190155
halbe,5.8186896310950775e-05
brand,5.8186896310950775e-05
stecken,5.8186896310950775e-05
feixte,5.8186896310950775e-05
bein,5.8186896310950775e-05
mittlerweile,0.0002909344815547539
blonder,5.8186896310950775e-05
hing,5.8186896310950775e-05
genaueren,5.8186896310950775e-05
päckchen,5.8186896310950775e-05
pass,0.00011637379262190155
sagst,5.8186896310950775e-05
kleiner,0.0002909344815547539
drohte,5.8186896310950775e-05
zwinkern,0.00011637379262190155
ungeduldig,0.00011637379262190155
zeigte,0.00034912137786570463
hässliche,0.00011637379262190155
paket,0.00011637379262190155
höflichkeiten,5.8186896310950775e-05
beigebracht,0.00011637379262190155
wolltest,5.8186896310950775e-05
ganzen,0.00011637379262190155
tag,0.000523682066798557
kuchen,0.0002327475852438031
naschen,5.8186896310950775e-05
tu,5.8186896310950775e-05
hättest,0.00011637379262190155
lust,0.00011637379262190155
hör,5.8186896310950775e-05
beugte,0.00011637379262190155
vertilgen,5.8186896310950775e-05
wunderbaren,5.8186896310950775e-05
danach,0.00017456068893285232
darfst,5.8186896310950775e-05
geschenk,0.0002327475852438031
aufmachen,5.8186896310950775e-05
okay,0.0002327475852438031
spielst,5.8186896310950775e-05
na,0.00034912137786570463
klar,0.00017456068893285232
kumpel,0.00011637379262190155
deswegen,5.8186896310950775e-05
grinsenden,5.8186896310950775e-05
schokoladentorte,5.8186896310950775e-05
wirklich,0.000523682066798557
wucht,5.8186896310950775e-05
übertroffen,5.8186896310950775e-05
anstalten,5.8186896310950775e-05
tisch,0.00040730827417665544
abzuräumen,5.8186896310950775e-05
sohn,0.0007564296520423601
gleich,0.0004654951704876062
mama,0.00011637379262190155
darf,0.00011637379262190155
aufstehen,0.00011637379262190155
spielen,0.00034912137786570463
kurzer,5.8186896310950775e-05
beinahe,0.00017456068893285232
stuhl,0.00017456068893285232
sprang,0.00011637379262190155
lachen,0.0002327475852438031
zwinkerte,5.8186896310950775e-05
kurz,0.0004654951704876062
holte,0.0002327475852438031
verspätetes,5.8186896310950775e-05
geburtstagsgeschenk,5.8186896310950775e-05
weißt,0.00017456068893285232
australien,5.8186896310950775e-05
eben,0.00011637379262190155
hierher,0.00011637379262190155
gedauert,5.8186896310950775e-05
bleiben,0.0002327475852438031
kannst,0.00011637379262190155
jederzeit,5.8186896310950775e-05
besuchen,0.00011637379262190155
beruhigte,5.8186896310950775e-05
strahlen,5.8186896310950775e-05
pack,5.8186896310950775e-05
liebling,5.8186896310950775e-05
vorfreude,0.00011637379262190155
riss,0.00017456068893285232
ruck,5.8186896310950775e-05
papier,5.8186896310950775e-05
wow,5.8186896310950775e-05
schau,0.00017456068893285232
besen,0.0002327475852438031
rannte,0.0002909344815547539
bösen,0.00011637379262190155
ruhige,5.8186896310950775e-05
minute,0.00011637379262190155
daaanke,5.8186896310950775e-05
quietschte,0.00011637379262190155
haselnussbraun,5.8186896310950775e-05
platinblond,0.00011637379262190155
neuen,0.00017456068893285232
wär,5.8186896310950775e-05
probieren,0.00011637379262190155
übrigens,5.8186896310950775e-05
geste,5.8186896310950775e-05
vermied,5.8186896310950775e-05
näher,0.0002327475852438031
einzugehen,5.8186896310950775e-05
bemerkte,0.0002327475852438031
weile,0.00017456068893285232
frauen,0.00011637379262190155
sahen,0.0002909344815547539
etwa,0.00017456068893285232
zwei,0.0008728034446642616
metern,5.8186896310950775e-05
kreise,5.8186896310950775e-05
irgendwelche,0.00011637379262190155
sachen,0.0002909344815547539
hätte,0.0006982427557314093
gedacht,0.00017456068893285232
kindern,0.0002327475852438031
fenster,0.00011637379262190155
fliegen,0.00011637379262190155
hoffentlich,0.00011637379262190155
merkte,5.8186896310950775e-05
gefühlsausbruch,5.8186896310950775e-05
weiterhin,5.8186896310950775e-05
gerichtet,0.0002327475852438031
saß,0.0008728034446642616
position,5.8186896310950775e-05
habt,0.00011637379262190155
woche,0.0002327475852438031
eingelebt,5.8186896310950775e-05
schnappte,0.00011637379262190155
comet,5.8186896310950775e-05
cousine,0.00011637379262190155
schoss,0.00011637379262190155
himmel,5.8186896310950775e-05
freudig,5.8186896310950775e-05
aufquietschte,5.8186896310950775e-05
wettfliegen,5.8186896310950775e-05
hast,0.0004654951704876062
angst,0.0002327475852438031
super,5.8186896310950775e-05
flieger,5.8186896310950775e-05
talent,5.8186896310950775e-05
traute,5.8186896310950775e-05
zweisamkeitam,5.8186896310950775e-05
fix,5.8186896310950775e-05
fertig,5.8186896310950775e-05
schön,0.000523682066798557
trab,5.8186896310950775e-05
gehalten,0.00011637379262190155
schulter,0.00017456068893285232
spaß,5.8186896310950775e-05
kochen,0.0002327475852438031
lasst,5.8186896310950775e-05
hau,5.8186896310950775e-05
lachte,0.000523682066798557
ehe,0.00017456068893285232
freund,0.00034912137786570463
langen,0.00017456068893285232
gab,0.0005818689631095078
empörten,5.8186896310950775e-05
igitt,5.8186896310950775e-05
eklig,5.8186896310950775e-05
kommentiert,5.8186896310950775e-05
erwachsenen,0.00011637379262190155
mussten,5.8186896310950775e-05
angewiderten,5.8186896310950775e-05
kleinsten,5.8186896310950775e-05
laut,0.0002327475852438031
aufzuhalten,0.00011637379262190155
fast,0.0002327475852438031
raus,0.00011637379262190155
hinterher,0.0002909344815547539
heute,0.0002909344815547539
gibt,0.0002327475852438031
langstrecke,5.8186896310950775e-05
esszimmer,0.00011637379262190155
verschwörerisch,5.8186896310950775e-05
woraufhin,0.00011637379262190155
hinzufügte,5.8186896310950775e-05
obergeschoss,5.8186896310950775e-05
verbindungslinie,5.8186896310950775e-05
räumen,5.8186896310950775e-05
paar,0.0006400558594204585
worte,0.00011637379262190155
wovon,0.00011637379262190155
redet,5.8186896310950775e-05
bitte,0.0002327475852438031
sache,0.0002909344815547539
verständlichste,5.8186896310950775e-05
welt,0.00011637379262190155
treppenabsatz,5.8186896310950775e-05
aufgetaucht,5.8186896310950775e-05
einzelnen,5.8186896310950775e-05
personen,5.8186896310950775e-05
bewusst,5.8186896310950775e-05
wem,5.8186896310950775e-05
raum,0.0002327475852438031
standen,0.0002327475852438031
atmosphäre,5.8186896310950775e-05
spürbar,5.8186896310950775e-05
kühler,5.8186896310950775e-05
haare,0.0005818689631095078
kurzzeitig,5.8186896310950775e-05
schwarz,5.8186896310950775e-05
färbten,0.00011637379262190155
stufen,5.8186896310950775e-05
hinab,0.00011637379262190155
paten,0.00011637379262190155
stürzen,5.8186896310950775e-05
entstandenen,5.8186896310950775e-05
spannung,5.8186896310950775e-05
wütende,5.8186896310950775e-05
zuwarf,5.8186896310950775e-05
zauberstab,0.00017456068893285232
gezogen,5.8186896310950775e-05
klammerte,0.00011637379262190155
angsterfüllt,5.8186896310950775e-05
geweitet,5.8186896310950775e-05
unsicher,0.00011637379262190155
saßen,0.0004654951704876062
gegenüber,0.00040730827417665544
wobei,0.0002909344815547539
blicken,0.00011637379262190155
erdolchen,5.8186896310950775e-05
jedoch,0.0002327475852438031
bemerken,0.00011637379262190155
füllte,0.00011637379262190155
teller,0.00011637379262190155
palme,5.8186896310950775e-05
starrte,0.00017456068893285232
wackelte,5.8186896310950775e-05
vorsichtig,0.0002327475852438031
wahrscheinlich,0.00011637379262190155
knabbern,5.8186896310950775e-05
gesagt,0.00040730827417665544
angekommen,0.00011637379262190155
schwesterliche,5.8186896310950775e-05
wiedervereinigung,5.8186896310950775e-05
schleppend,5.8186896310950775e-05
verlief,5.8186896310950775e-05
kamen,0.00040730827417665544
allmählich,5.8186896310950775e-05
victoire,0.0005818689631095078
sandburgen,5.8186896310950775e-05
sandkasten,0.00011637379262190155
bauen,5.8186896310950775e-05
zuschauten,5.8186896310950775e-05
ernstes,5.8186896310950775e-05
grübelte,5.8186896310950775e-05
darüber,0.0004654951704876062
halten,0.00017456068893285232
gedanken,0.00040730827417665544
wann,5.8186896310950775e-05
baby,0.00017456068893285232
enttäuschung,5.8186896310950775e-05
müssen,0.0004654951704876062
großmutter,0.00011637379262190155
neuigkeit,5.8186896310950775e-05
aufpassen,0.00011637379262190155
plapperte,0.00017456068893285232
angespannte,0.00011637379262190155
stimmung,0.00011637379262190155
geburtstag,0.00017456068893285232
schwangerschaft,5.8186896310950775e-05
erfahren,5.8186896310950775e-05
genötigt,5.8186896310950775e-05
wenigstens,5.8186896310950775e-05
brief,0.00011637379262190155
manor,0.00040730827417665544
schicken,5.8186896310950775e-05
freut,0.00017456068893285232
bestimmt,0.00034912137786570463
drama,0.00011637379262190155
minuten,0.0002909344815547539
abgespielt,5.8186896310950775e-05
wunder,5.8186896310950775e-05
kamin,0.00011637379262190155
aufmunternden,5.8186896310950775e-05
zugleich,5.8186896310950775e-05
traurigen,5.8186896310950775e-05
abgeholt,5.8186896310950775e-05
hölle,0.00011637379262190155
heiß,0.00011637379262190155
definitiv,0.00011637379262190155
weitergehen,5.8186896310950775e-05
streit,0.00011637379262190155
kompromisseals,5.8186896310950775e-05
frühen,5.8186896310950775e-05
überrascht,0.0002909344815547539
stürzte,5.8186896310950775e-05
sodass,0.00017456068893285232
mühe,0.00011637379262190155
balance,5.8186896310950775e-05
stelle,0.0002327475852438031
umzukippen,5.8186896310950775e-05
ohr,0.00011637379262190155
mitgebrachten,5.8186896310950775e-05
schmecken,5.8186896310950775e-05
ließ,0.0006982427557314093
maulte,5.8186896310950775e-05
beteuerte,5.8186896310950775e-05
müde,0.0002327475852438031
zufallenden,5.8186896310950775e-05
ständige,0.00011637379262190155
gähnen,5.8186896310950775e-05
bewiesen,5.8186896310950775e-05
allein,0.0002327475852438031
schimpftirade,5.8186896310950775e-05
freundin,0.00011637379262190155
laden,5.8186896310950775e-05
sag,5.8186896310950775e-05
dora,0.0002909344815547539
eigentlich,0.00017456068893285232
wartete,5.8186896310950775e-05
seit,0.00017456068893285232
monaten,5.8186896310950775e-05
darauf,0.0002909344815547539
patenonkel,0.00011637379262190155
rückkehr,0.00011637379262190155
beziehung,0.00011637379262190155
merklich,5.8186896310950775e-05
abgekühlt,5.8186896310950775e-05
spüren,5.8186896310950775e-05
bekam,0.00017456068893285232
ungeteilte,5.8186896310950775e-05
aufmerksamkeit,0.00011637379262190155
sieht,5.8186896310950775e-05
gras,0.00011637379262190155
herausrupfen,5.8186896310950775e-05
soeben,5.8186896310950775e-05
gehörte,5.8186896310950775e-05
sacken,5.8186896310950775e-05
raten,5.8186896310950775e-05
ausgerissenen,5.8186896310950775e-05
grashalme,5.8186896310950775e-05
zusammengehäuft,5.8186896310950775e-05
eltern,0.0002327475852438031
jonathan,5.8186896310950775e-05
sowie,5.8186896310950775e-05
nymphadora,0.00011637379262190155
freunde,0.00011637379262190155
einladung,5.8186896310950775e-05
angenommen,0.00011637379262190155
manchmal,0.00011637379262190155
wieso,0.0002327475852438031
zurecht,5.8186896310950775e-05
ergeben,5.8186896310950775e-05
strecke,5.8186896310950775e-05
abputzen,5.8186896310950775e-05
kapitel,0.00011637379262190155
mittagessen,5.8186896310950775e-05
geschwind,5.8186896310950775e-05
rein,0.00017456068893285232
daraufhin,0.0002909344815547539
eifrig,5.8186896310950775e-05
wischte,0.00011637379262190155
sauber,5.8186896310950775e-05
tierförmigen,5.8186896310950775e-05
butterkeks,5.8186896310950775e-05
nervte,5.8186896310950775e-05
gerne,0.00040730827417665544
genommen,0.0002327475852438031
hoffte,5.8186896310950775e-05
aufwachte,5.8186896310950775e-05
strand,0.00011637379262190155
strich,0.0002909344815547539
durchs,0.00011637379262190155
haar,0.0002327475852438031
setzte,0.0006400558594204585
hochstuhl,5.8186896310950775e-05
küsste,0.00011637379262190155
kinderwagen,5.8186896310950775e-05
tee,0.0002327475852438031
einrichtungsgegenstände,5.8186896310950775e-05
schwieriger,5.8186896310950775e-05
herausgestellt,5.8186896310950775e-05
meinte,0.00034912137786570463
guter,5.8186896310950775e-05
schüler,0.00017456068893285232
wirkung,5.8186896310950775e-05
professor,0.0002909344815547539
auge,0.00011637379262190155
behalten,5.8186896310950775e-05
aussage,5.8186896310950775e-05
klarmachte,5.8186896310950775e-05
blonden,5.8186896310950775e-05
trauen,5.8186896310950775e-05
hauptpersonen,5.8186896310950775e-05
malfoynebenfiguren,5.8186896310950775e-05
greengrass,0.0002327475852438031
stunde,0.00011637379262190155
bedingungen,5.8186896310950775e-05
unterschrieben,5.8186896310950775e-05
ankunft,0.00017456068893285232
morgen,0.00034912137786570463
vormittag,0.00011637379262190155
vorbereiten,0.00011637379262190155
vier,5.8186896310950775e-05
wochen,0.0002327475852438031
zuvor,0.00017456068893285232
eingewiesen,5.8186896310950775e-05
hole,5.8186896310950775e-05
später,0.0006400558594204585
lory,5.8186896310950775e-05
wenig,0.00017456068893285232
entspannst,5.8186896310950775e-05
willst,0.00011637379262190155
jemanden,0.00017456068893285232
langweilst,5.8186896310950775e-05
großen,0.0002327475852438031
uni,5.8186896310950775e-05
mochten,5.8186896310950775e-05
einander,0.00011637379262190155
sämtliche,5.8186896310950775e-05
einladen,0.0002327475852438031
willen,5.8186896310950775e-05
außerdem,0.0002327475852438031
denke,0.00017456068893285232
irgendeiner,5.8186896310950775e-05
form,5.8186896310950775e-05
radikal,5.8186896310950775e-05
wären,0.00011637379262190155
hätten,0.00011637379262190155
schwestern,5.8186896310950775e-05
hart,5.8186896310950775e-05
exfreundin,5.8186896310950775e-05
bekannt,5.8186896310950775e-05
versuchten,5.8186896310950775e-05
ex,5.8186896310950775e-05
bräutigams,5.8186896310950775e-05
anschein,5.8186896310950775e-05
eingeladen,0.00011637379262190155
loszuwerden,5.8186896310950775e-05
polterten,5.8186896310950775e-05
junge,0.0004654951704876062
menschen,0.00011637379262190155
lokal,0.00011637379262190155
entschied,0.00011637379262190155
hingegen,5.8186896310950775e-05
erstes,0.00011637379262190155
begrüßen,5.8186896310950775e-05
einziger,5.8186896310950775e-05
bereits,0.0008146165483533109
gesprochen,0.00011637379262190155
denen,0.0002327475852438031
ehrlich,5.8186896310950775e-05
begrüßten,5.8186896310950775e-05
freundlich,5.8186896310950775e-05
eröffnete,5.8186896310950775e-05
buffett,5.8186896310950775e-05
legt,5.8186896310950775e-05
richtig,5.8186896310950775e-05
los,0.0002909344815547539
merke,5.8186896310950775e-05
aufgeregt,0.00011637379262190155
wart,5.8186896310950775e-05
gesehen,0.00017456068893285232
frau,0.00017456068893285232
bringe,0.00011637379262190155
verließ,0.00011637379262190155
möchtest,5.8186896310950775e-05
schlief,0.0002909344815547539
cleos,5.8186896310950775e-05
meistens,5.8186896310950775e-05
anwesen,5.8186896310950775e-05
plüschtiere,5.8186896310950775e-05
verschwinden,5.8186896310950775e-05
äh,5.8186896310950775e-05
dekoration,5.8186896310950775e-05
stopfen,5.8186896310950775e-05
schwang,5.8186896310950775e-05
beine,0.00011637379262190155
geschenkt,5.8186896310950775e-05
trat,0.00017456068893285232
ans,5.8186896310950775e-05
fey,5.8186896310950775e-05
jüngeren,5.8186896310950775e-05
aufgestanden,5.8186896310950775e-05
quidditch,5.8186896310950775e-05
spaziergang,5.8186896310950775e-05
aufgebrochen,5.8186896310950775e-05
trauzeugin,5.8186896310950775e-05
weihnachten,0.00034912137786570463
eingezogen,0.00011637379262190155
vorne,0.00011637379262190155
achtete,5.8186896310950775e-05
zug,0.00011637379262190155
begrüßung,5.8186896310950775e-05
lachten,5.8186896310950775e-05
esstisch,5.8186896310950775e-05
zugange,5.8186896310950775e-05
wohnbereich,5.8186896310950775e-05
linken,5.8186896310950775e-05
rechten,5.8186896310950775e-05
gedeckt,5.8186896310950775e-05
untersetzer,5.8186896310950775e-05
erkundigte,5.8186896310950775e-05
auftat,5.8186896310950775e-05
gläser,5.8186896310950775e-05
kürbissaft,5.8186896310950775e-05
aufmerksam,5.8186896310950775e-05
große,0.00017456068893285232
zustimmend,0.00017456068893285232
überall,5.8186896310950775e-05
nachteile,5.8186896310950775e-05
idee,0.00017456068893285232
feiern,0.0002327475852438031
möchte,0.0002327475852438031
kennenlernen,5.8186896310950775e-05
silvester,5.8186896310950775e-05
lad,5.8186896310950775e-05
schlug,0.00017456068893285232
scorp,5.8186896310950775e-05
al,0.00011637379262190155
ärger,0.00011637379262190155
brennen,5.8186896310950775e-05
hogsmeade,5.8186896310950775e-05
meeting,5.8186896310950775e-05
london,5.8186896310950775e-05
heiße,5.8186896310950775e-05
unterlippe,5.8186896310950775e-05
bebte,5.8186896310950775e-05
fürchtete,5.8186896310950775e-05
heulen,5.8186896310950775e-05
anfangen,5.8186896310950775e-05
verwandelten,5.8186896310950775e-05
frisur,5.8186896310950775e-05
purpur,5.8186896310950775e-05
farbton,5.8186896310950775e-05
kind,0.0004654951704876062
entführung,5.8186896310950775e-05
reagiert,5.8186896310950775e-05
gänze,5.8186896310950775e-05
eingestehen,5.8186896310950775e-05
vermutlich,0.00011637379262190155
gestorben,5.8186896310950775e-05
verdammter,5.8186896310950775e-05
mut,5.8186896310950775e-05
macht,0.00017456068893285232
gefangenschaft,5.8186896310950775e-05
eingelassen,5.8186896310950775e-05
todesser,0.00034912137786570463
ahnung,0.00011637379262190155
stein,5.8186896310950775e-05
befindet,5.8186896310950775e-05
eingebrochen,5.8186896310950775e-05
deren,5.8186896310950775e-05
gewalt,5.8186896310950775e-05
fuhr,0.00017456068893285232
dankbar,0.00011637379262190155
dafür,0.0004654951704876062
anscheinend,0.00017456068893285232
namen,0.0002909344815547539
mine,5.8186896310950775e-05
locker,5.8186896310950775e-05
geweckt,5.8186896310950775e-05
gefangener,0.00011637379262190155
bekamen,5.8186896310950775e-05
drei,0.0002327475852438031
tage,0.00011637379262190155
scheiben,5.8186896310950775e-05
altes,0.00011637379262190155
brot,5.8186896310950775e-05
täglich,5.8186896310950775e-05
krug,5.8186896310950775e-05
wasser,0.0002909344815547539
jemand,0.00011637379262190155
mitbekommt,5.8186896310950775e-05
unten,0.00011637379262190155
rumläufst,5.8186896310950775e-05
schüttelte,0.00034912137786570463
schlichen,5.8186896310950775e-05
bedeutete,0.00011637379262190155
schob,0.00011637379262190155
hauself,5.8186896310950775e-05
reste,5.8186896310950775e-05
abendbrotes,5.8186896310950775e-05
bedacht,5.8186896310950775e-05
groß,0.00011637379262190155
genug,0.00017456068893285232
töpfe,5.8186896310950775e-05
erstarrten,5.8186896310950775e-05
alamiert,5.8186896310950775e-05
weiß,0.0002909344815547539
wisperte,5.8186896310950775e-05
öffnen,5.8186896310950775e-05
strahlend,5.8186896310950775e-05
schmunzeln,5.8186896310950775e-05
verkneifen,0.00011637379262190155
bestellten,5.8186896310950775e-05
portion,0.00011637379262190155
kartoffeln,5.8186896310950775e-05
bohnen,5.8186896310950775e-05
braten,5.8186896310950775e-05
pommes,5.8186896310950775e-05
abwechselnd,5.8186896310950775e-05
schoß,0.0002909344815547539
anstrengenden,5.8186896310950775e-05
seien,5.8186896310950775e-05
oberschenkel,5.8186896310950775e-05
gluckste,5.8186896310950775e-05
ärmchen,0.00011637379262190155
streichelte,0.00011637379262190155
finger,0.00011637379262190155
wange,0.00011637379262190155
frechdachs,5.8186896310950775e-05
erklärte,0.0004654951704876062
löffel,5.8186896310950775e-05
fingerchen,5.8186896310950775e-05
tschüss,5.8186896310950775e-05
schnute,5.8186896310950775e-05
ahhh,5.8186896310950775e-05
dada,0.00017456068893285232
nennt,0.00011637379262190155
unhöflich,5.8186896310950775e-05
sei,0.00011637379262190155
geworden,0.0002909344815547539
oh,0.0002909344815547539
wiederkommen,5.8186896310950775e-05
vorbei,0.00034912137786570463
schauen,0.00017456068893285232
zappelte,5.8186896310950775e-05
rum,0.00011637379262190155
krabbelte,0.00017456068893285232
großer,0.00011637379262190155
händen,5.8186896310950775e-05
brust,0.0002327475852438031
rumpatschte,5.8186896310950775e-05
blickte,0.0002327475852438031
trank,0.00011637379262190155
derweilen,5.8186896310950775e-05
bier,5.8186896310950775e-05
mungos,0.00011637379262190155
entlassen,5.8186896310950775e-05
worden,0.0002909344815547539
stundenlang,5.8186896310950775e-05
überzeugen,5.8186896310950775e-05
ordnung,0.00011637379262190155
grimmaultplatz,0.00011637379262190155
wohnte,0.00011637379262190155
besser,0.00017456068893285232
lösung,5.8186896310950775e-05
händchen,0.00011637379262190155
ausstreckte,0.00011637379262190155
fünf,0.0002909344815547539
sofas,5.8186896310950775e-05
stieß,0.00011637379262190155
kuschelte,0.00017456068893285232
andomeda,5.8186896310950775e-05
einrichteten,5.8186896310950775e-05
bücher,0.00011637379262190155
schwester,0.0004654951704876062
bibliothek,0.00011637379262190155
einsortierte,5.8186896310950775e-05
ersten,0.00017456068893285232
stock,5.8186896310950775e-05
fußboden,0.00017456068893285232
neuem,5.8186896310950775e-05
richteten,5.8186896310950775e-05
lautes,5.8186896310950775e-05
weinen,0.00011637379262190155
gehört,0.00011637379262190155
passiert,0.00011637379262190155
sofa,0.0002909344815547539
gewickelt,5.8186896310950775e-05
sessel,0.00017456068893285232
erzählte,0.0002327475852438031
fröhlich,0.0002909344815547539
letzte,5.8186896310950775e-05
schönes,5.8186896310950775e-05
konnten,0.00040730827417665544
pläne,5.8186896310950775e-05
geschmiedet,5.8186896310950775e-05
pause,5.8186896310950775e-05
brauchte,5.8186896310950775e-05
knirps,5.8186896310950775e-05
park,0.00011637379262190155
fahren,5.8186896310950775e-05
entdeckt,0.00011637379262190155
spielplatz,5.8186896310950775e-05
überlegt,0.00011637379262190155
abendessen,0.00017456068893285232
kämen,5.8186896310950775e-05
jahr,0.00017456068893285232
zerstört,5.8186896310950775e-05
richtige,0.00011637379262190155
familie,0.00011637379262190155
gewöhnt,5.8186896310950775e-05
irgendwann,0.00011637379262190155
nennen,5.8186896310950775e-05
dad,0.00011637379262190155
umgestiegen,5.8186896310950775e-05
kichern,5.8186896310950775e-05
verging,5.8186896310950775e-05
ziehen,0.00011637379262190155
strampelte,5.8186896310950775e-05
gewagten,5.8186896310950775e-05
sprung,5.8186896310950775e-05
auffing,5.8186896310950775e-05
klagte,0.00011637379262190155
moosgrünen,5.8186896310950775e-05
plötzlich,0.00017456068893285232
feuerrot,0.00011637379262190155
draypo,5.8186896310950775e-05
wiederholte,5.8186896310950775e-05
schmunzelnd,5.8186896310950775e-05
erntete,5.8186896310950775e-05
beleidigt,5.8186896310950775e-05
partner,0.00011637379262190155
abwandte,5.8186896310950775e-05
drückte,0.00034912137786570463
rote,5.8186896310950775e-05
fasziniert,5.8186896310950775e-05
weißblonden,5.8186896310950775e-05
verdattert,5.8186896310950775e-05
liebenden,5.8186896310950775e-05
kurze,0.00017456068893285232
jeweils,0.00011637379262190155
saftpackung,5.8186896310950775e-05
starken,5.8186896310950775e-05
kaffee,0.00017456068893285232
zurückkam,5.8186896310950775e-05
verwundert,5.8186896310950775e-05
kürbissaftpackung,5.8186896310950775e-05
anschließend,5.8186896310950775e-05
klebte,5.8186896310950775e-05
nachdenklich,0.00017456068893285232
orange,5.8186896310950775e-05
sollten,0.00011637379262190155
sprechen,0.0002909344815547539
recht,0.00017456068893285232
hals,5.8186896310950775e-05
schlang,0.00011637379262190155
versuch,0.00011637379262190155
zopf,5.8186896310950775e-05
lösen,5.8186896310950775e-05
stürmte,5.8186896310950775e-05
gemein,5.8186896310950775e-05
quiekte,5.8186896310950775e-05
entwischen,5.8186896310950775e-05
schneller,5.8186896310950775e-05
nackten,5.8186896310950775e-05
gegriffen,5.8186896310950775e-05
hochgezogen,5.8186896310950775e-05
nutzte,0.00011637379262190155
augenblick,5.8186896310950775e-05
spritzte,5.8186896310950775e-05
schwall,5.8186896310950775e-05
steckte,5.8186896310950775e-05
mitten,0.00011637379262190155
auroren,0.00011637379262190155
ausbildung,5.8186896310950775e-05
adoptiert,0.00011637379262190155
quetscht,5.8186896310950775e-05
armen,0.0002909344815547539
friedlich,5.8186896310950775e-05
irgendein,5.8186896310950775e-05
spiel,0.00017456068893285232
jüngere,5.8186896310950775e-05
ununterbrochen,5.8186896310950775e-05
voll,0.00011637379262190155
gegenteil,5.8186896310950775e-05
unterhalten,5.8186896310950775e-05
sekunden,5.8186896310950775e-05
hob,0.0002327475852438031
schenkte,0.00011637379262190155
undefinierbaren,5.8186896310950775e-05
wandern,5.8186896310950775e-05
entfernt,5.8186896310950775e-05
blätterte,5.8186896310950775e-05
amüsiert,0.00011637379262190155
bemerkt,0.00017456068893285232
ungern,5.8186896310950775e-05
reden,0.00011637379262190155
gingen,0.00017456068893285232
gemeinsam,0.00017456068893285232
ziemlich,0.00017456068893285232
kleinere,5.8186896310950775e-05
ganze,0.00011637379262190155
falten,5.8186896310950775e-05
angestrengt,5.8186896310950775e-05
spielbrett,5.8186896310950775e-05
schatz,0.00011637379262190155
unterbrechen,5.8186896310950775e-05
leid,5.8186896310950775e-05
komm,0.00017456068893285232
zögerte,5.8186896310950775e-05
schnaubte,5.8186896310950775e-05
breiten,5.8186896310950775e-05
grinsen,5.8186896310950775e-05
schloss,0.00017456068893285232
sitzenden,5.8186896310950775e-05
umarmung,0.00011637379262190155
blonde,0.00011637379262190155
abschied,5.8186896310950775e-05
zufrieden,0.00017456068893285232
fähiger,5.8186896310950775e-05
spaßeshalber,5.8186896310950775e-05
kinder,0.0002327475852438031
aufgezogen,5.8186896310950775e-05
dato,5.8186896310950775e-05
gewusst,5.8186896310950775e-05
gekümmert,5.8186896310950775e-05
fügte,5.8186896310950775e-05
müsste,5.8186896310950775e-05
neffe,0.00017456068893285232
zweiten,0.0004654951704876062
grades,0.00011637379262190155
gehabt,0.00011637379262190155
informierte,5.8186896310950775e-05
ungläubig,0.00011637379262190155
bild,0.0002909344815547539
herabsah,5.8186896310950775e-05
wirren,5.8186896310950775e-05
kostbarste,5.8186896310950775e-05
je,5.8186896310950775e-05
freute,0.00017456068893285232
ausflug,0.00011637379262190155
nächste,0.00017456068893285232
unternehmen,5.8186896310950775e-05
wollten,5.8186896310950775e-05
versuchen,5.8186896310950775e-05
präsenz,5.8186896310950775e-05
hinnehmen,5.8186896310950775e-05
behauptete,5.8186896310950775e-05
lediglich,5.8186896310950775e-05
hockte,0.00011637379262190155
herunter,0.00011637379262190155
daumen,5.8186896310950775e-05
mundwinkel,5.8186896310950775e-05
schokoreste,5.8186896310950775e-05
unerfindlichen,5.8186896310950775e-05
gründen,5.8186896310950775e-05
fingern,0.00011637379262190155
berührt,0.00011637379262190155
entgegnete,0.00017456068893285232
streng,0.00017456068893285232
entlud,5.8186896310950775e-05
arme,0.00034912137786570463
vergrub,5.8186896310950775e-05
wirkte,0.00011637379262190155
wegnehmen,5.8186896310950775e-05
drin,5.8186896310950775e-05
bringen,5.8186896310950775e-05
nähe,0.00011637379262190155
akzeptieren,5.8186896310950775e-05
alleine,5.8186896310950775e-05
wissen,0.00034912137786570463
anfasste,5.8186896310950775e-05
kolibri,5.8186896310950775e-05
mächtige,5.8186896310950775e-05
löwin,5.8186896310950775e-05
leckte,5.8186896310950775e-05
hinterhersprang,5.8186896310950775e-05
nickend,5.8186896310950775e-05
hochheben,0.00011637379262190155
platzieren,5.8186896310950775e-05
tippte,5.8186896310950775e-05
beiseite,5.8186896310950775e-05
mungo,5.8186896310950775e-05
smethwyck,5.8186896310950775e-05
angebetetborgin,5.8186896310950775e-05
pleite,0.00011637379262190155
gegangener,0.00011637379262190155
verkäuferbouffier,5.8186896310950775e-05
auror,0.000989177237286163
frankreichbranna,5.8186896310950775e-05
christine,5.8186896310950775e-05
comenius,5.8186896310950775e-05
seherin,5.8186896310950775e-05
fortunebryce,5.8186896310950775e-05
ehemaliger,0.0002909344815547539
gärtner,5.8186896310950775e-05
VOLDEMORT,0.00034912137786570463
liebster,5.8186896310950775e-05
hausgeistburks,5.8186896310950775e-05
verkäufer,0.00011637379262190155
borgincapitaine,5.8186896310950775e-05
orfèvre,5.8186896310950775e-05
rennes,5.8186896310950775e-05
frankreichcarrow,5.8186896310950775e-05
getötet,0.000523682066798557
zaubererkriegcassy,5.8186896310950775e-05
angestellte,5.8186896310950775e-05
mitchel,5.8186896310950775e-05
storm,5.8186896310950775e-05
willcatria,5.8186896310950775e-05
koboldschmied,5.8186896310950775e-05
bierbauchcattermole,5.8186896310950775e-05
reg,5.8186896310950775e-05
kollege,5.8186896310950775e-05
ruhestandcattermole,5.8186896310950775e-05
ehefrau,0.0002909344815547539
genannt,0.000523682066798557
regcelestine,5.8186896310950775e-05
jadis,5.8186896310950775e-05
muggel,0.0004654951704876062
werwolf,5.8186896310950775e-05
serge,0.00011637379262190155
loup,5.8186896310950775e-05
witwe,5.8186896310950775e-05
passiertchristies,5.8186896310950775e-05
großbritannien,5.8186896310950775e-05
c,5.8186896310950775e-05
anfängtcommissaire,5.8186896310950775e-05
walsheim,5.8186896310950775e-05
französischer,0.00017456068893285232
aurorcorner,5.8186896310950775e-05
hanna,5.8186896310950775e-05
flotte,5.8186896310950775e-05
hanne,5.8186896310950775e-05
deutschen,5.8186896310950775e-05
körner,5.8186896310950775e-05
geschriebencorner,5.8186896310950775e-05
otto,5.8186896310950775e-05
hannes,5.8186896310950775e-05
ehemann,0.00017456068893285232
gelernter,5.8186896310950775e-05
bäcker,5.8186896310950775e-05
erfand,5.8186896310950775e-05
platzkuchen,5.8186896310950775e-05
maurercrabbe,5.8186896310950775e-05
walpurga,5.8186896310950775e-05
irma,5.8186896310950775e-05
mcsimmons,5.8186896310950775e-05
gemälde,0.00011637379262190155
grimmauldplatz,0.00011637379262190155
siecrabbe,5.8186896310950775e-05
zeuge,5.8186896310950775e-05
mord,5.8186896310950775e-05
spencer,5.8186896310950775e-05
vorschulkindcrest,5.8186896310950775e-05
nicholson,5.8186896310950775e-05
betreiber,0.00011637379262190155
software,5.8186896310950775e-05
firmacuffe,5.8186896310950775e-05
severin,5.8186896310950775e-05
BARMY,0.00011637379262190155
cuffe,5.8186896310950775e-05
probiert,5.8186896310950775e-05
alarmanlagen,5.8186896310950775e-05
auscuffe,5.8186896310950775e-05
redakteur,5.8186896310950775e-05
tagesprophetdali,5.8186896310950775e-05
salvadore,5.8186896310950775e-05
malerdawlish,5.8186896310950775e-05
chefauror,0.00011637379262190155
abteilungsleiter,5.8186896310950775e-05
aufklärung,5.8186896310950775e-05
kapitalverbrechende,5.8186896310950775e-05
lacyet,0.00017456068893285232
pierce,0.00011637379262190155
todessers,0.00011637379262190155
starb,5.8186896310950775e-05
liebestrankde,5.8186896310950775e-05
claude,5.8186896310950775e-05
de,0.00017456068893285232
wechselt,5.8186896310950775e-05
seitende,5.8186896310950775e-05
nicholas,5.8186896310950775e-05
gennant,5.8186896310950775e-05
kopflose,0.00011637379262190155
nickde,5.8186896310950775e-05
smeth,0.00011637379262190155
jules,0.00011637379262190155
bruder,0.00017456068893285232
anna,0.0002327475852438031
durbuyde,5.8186896310950775e-05
durbuys,5.8186896310950775e-05
richtiger,5.8186896310950775e-05
smethdelacour,5.8186896310950775e-05
botschafter,5.8186896310950775e-05
frankreichdelacroix,5.8186896310950775e-05
maler,5.8186896310950775e-05
freiheitdelano,5.8186896310950775e-05
richard,5.8186896310950775e-05
minister,0.00017456068893285232
kobolde,0.00011637379262190155
lernt,0.00011637379262190155
steinmetzder,5.8186896310950775e-05
blutige,5.8186896310950775e-05
hausgeist,0.00017456068893285232
hogwarts,0.0002909344815547539
geist,5.8186896310950775e-05
aufgegebender,5.8186896310950775e-05
colonel,5.8186896310950775e-05
frankreich,0.00017456068893285232
ermordet,0.00011637379262190155
claudia,0.00011637379262190155
rouxder,5.8186896310950775e-05
fette,5.8186896310950775e-05
mönch,5.8186896310950775e-05
hogwartsder,5.8186896310950775e-05
schwere,5.8186896310950775e-05
hans,5.8186896310950775e-05
schmied,0.00011637379262190155
speak,0.0002327475852438031
easyderwent,5.8186896310950775e-05
dylis,5.8186896310950775e-05
heiler,5.8186896310950775e-05
hängt,5.8186896310950775e-05
schulleiterbüro,5.8186896310950775e-05
rumdiggory,5.8186896310950775e-05
amos,5.8186896310950775e-05
bestechlicher,5.8186896310950775e-05
angestellter,5.8186896310950775e-05
ministeriumdobby,5.8186896310950775e-05
elf,0.00011637379262190155
bellatrixdreyfuss,5.8186896310950775e-05
easy,5.8186896310950775e-05
getöteter,5.8186896310950775e-05
aurordrummond,5.8186896310950775e-05
ada,0.00011637379262190155
unsäglicherdubois,5.8186896310950775e-05
clemens,5.8186896310950775e-05
frankreichdumbledore,5.8186896310950775e-05
wulfric,5.8186896310950775e-05
konrad,5.8186896310950775e-05
berchtold,5.8186896310950775e-05
offizielle,5.8186896310950775e-05
version,5.8186896310950775e-05
dumbydumbledore,0.00011637379262190155
zuhälterin,5.8186896310950775e-05
wege,5.8186896310950775e-05
hogwartsdurbuy,5.8186896310950775e-05
frankreichdursley,5.8186896310950775e-05
harrydursley,5.8186896310950775e-05
nelly,5.8186896310950775e-05
tochter,0.00034912137786570463
heilkräftedursley,5.8186896310950775e-05
madelaine,5.8186896310950775e-05
maddy,5.8186896310950775e-05
fraudursley,5.8186896310950775e-05
magdalene,5.8186896310950775e-05
zaubererkrieged,5.8186896310950775e-05
aufseher,0.00017456068893285232
gefängnis,0.00011637379262190155
londonedwards,5.8186896310950775e-05
gabriel,5.8186896310950775e-05
neu,5.8186896310950775e-05
eingestellter,5.8186896310950775e-05
schwager,0.00011637379262190155
greengrasselvesgaol,5.8186896310950775e-05
gatte,0.0002327475852438031
madleen,0.0002327475852438031
blond,5.8186896310950775e-05
knabeelvesgaol,5.8186896310950775e-05
zuckerbäckerin,5.8186896310950775e-05
leidenschaftelvesgaol,5.8186896310950775e-05
lilienfee,5.8186896310950775e-05
lilienkönigin,5.8186896310950775e-05
elfen,5.8186896310950775e-05
gesegneternest,5.8186896310950775e-05
paryla,0.00017456068893285232
halbbruder,5.8186896310950775e-05
jaques,0.00017456068893285232
parylaevans,5.8186896310950775e-05
verheiratet,0.0006982427557314093
potterevans,5.8186896310950775e-05
dursleyevans,5.8186896310950775e-05
tarnname,5.8186896310950775e-05
eberkopffaruk,5.8186896310950775e-05
ragnuks,5.8186896310950775e-05
krone,5.8186896310950775e-05
ellyllfaulkner,5.8186896310950775e-05
bedienung,5.8186896310950775e-05
malkinsfawcett,5.8186896310950775e-05
sandra,0.00011637379262190155
gattin,0.00011637379262190155
kobold,0.00017456068893285232
gornukfawcett,5.8186896310950775e-05
sohelia,5.8186896310950775e-05
gornukfigg,5.8186896310950775e-05
nachbarin,0.00011637379262190155
dursleys,5.8186896310950775e-05
squibbfilch,5.8186896310950775e-05
hausmeister,5.8186896310950775e-05
hogwartsfirenze,5.8186896310950775e-05
zentaur,5.8186896310950775e-05
ravenclawflint,5.8186896310950775e-05
marcus,5.8186896310950775e-05
möglicherweise,5.8186896310950775e-05
anhänger,0.00017456068893285232
traversfortanmór,5.8186896310950775e-05
clan,5.8186896310950775e-05
weasleyfortanmór,5.8186896310950775e-05
parfumaugust,5.8186896310950775e-05
geheiratetfortanmór,5.8186896310950775e-05
bellafortanmór,5.8186896310950775e-05
bellafortesceu,5.8186896310950775e-05
eisverkäufer,5.8186896310950775e-05
winkelgassefox,5.8186896310950775e-05
händler,5.8186896310950775e-05
easyfubster,5.8186896310950775e-05
oberst,5.8186896310950775e-05
beraubtgardien,5.8186896310950775e-05
muller,5.8186896310950775e-05
rouxgaunt,5.8186896310950775e-05
ridddles,5.8186896310950775e-05
großvatergerbhart,5.8186896310950775e-05
verkauft,5.8186896310950775e-05
altkleider,5.8186896310950775e-05
easygoldmann,5.8186896310950775e-05
großbritanniengoblin,5.8186896310950775e-05
treccani,5.8186896310950775e-05
bank,5.8186896310950775e-05
le,5.8186896310950775e-05
boulou,5.8186896310950775e-05
caisse,5.8186896310950775e-05
gornuk,5.8186896310950775e-05
hogwartsgoyle,5.8186896310950775e-05
verstorbener,0.00011637379262190155
gregorys,5.8186896310950775e-05
vatergoyle,5.8186896310950775e-05
gregory,0.00011637379262190155
kampfsportschule,5.8186896310950775e-05
leeds,5.8186896310950775e-05
echten,5.8186896310950775e-05
schlangegranger,5.8186896310950775e-05
hector,5.8186896310950775e-05
alchimistgred,5.8186896310950775e-05
forge,0.00011637379262190155
verrückten,5.8186896310950775e-05
zwillinge,5.8186896310950775e-05
ehemalige,0.00011637379262190155
winkelgassegreengrass,5.8186896310950775e-05
alter,0.00017456068893285232
versucht,5.8186896310950775e-05
werdengreengrass,5.8186896310950775e-05
grianchride,5.8186896310950775e-05
weasleygreengrass,5.8186896310950775e-05
tori,5.8186896310950775e-05
longbottomgreengrass,5.8186896310950775e-05
virginia,5.8186896310950775e-05
mädchenname,5.8186896310950775e-05
edwards,5.8186896310950775e-05
getötetgreyback,5.8186896310950775e-05
werwolfgrianchride,5.8186896310950775e-05
weasleyclan,5.8186896310950775e-05
triskeleträger,5.8186896310950775e-05
runespor,5.8186896310950775e-05
patronusgrianchride,5.8186896310950775e-05
triskeleträgeringrindelwald,5.8186896310950775e-05
lord,5.8186896310950775e-05
zaubererkrieg,0.00034912137786570463
getötetgrummond,5.8186896310950775e-05
adelaide,5.8186896310950775e-05
schülerin,5.8186896310950775e-05
trägerin,5.8186896310950775e-05
baphomet,5.8186896310950775e-05
symbolsguardien,5.8186896310950775e-05
fabre,5.8186896310950775e-05
frankreichgundel,5.8186896310950775e-05
errol,0.00011637379262190155
posteulen,5.8186896310950775e-05
schisser,5.8186896310950775e-05
wirdhagrid,5.8186896310950775e-05
frankreichhawkins,5.8186896310950775e-05
lebt,0.0002327475852438031
little,5.8186896310950775e-05
hangleton,5.8186896310950775e-05
besoffen,5.8186896310950775e-05
geregeltes,5.8186896310950775e-05
lebenheinrich,5.8186896310950775e-05
bowtrucklehenry,5.8186896310950775e-05
randolph,5.8186896310950775e-05
anmache,5.8186896310950775e-05
fortanmór,5.8186896310950775e-05
nassen,5.8186896310950775e-05
hosenherman,5.8186896310950775e-05
ze,5.8186896310950775e-05
german,5.8186896310950775e-05
bekanntes,5.8186896310950775e-05
londonhermione,5.8186896310950775e-05
WINKY,5.8186896310950775e-05
spitus,5.8186896310950775e-05
amerika,5.8186896310950775e-05
auswandertenhiggs,5.8186896310950775e-05
travershopfkirch,5.8186896310950775e-05
zauberhafte,5.8186896310950775e-05
angelegenheitenhopfkirch,5.8186896310950775e-05
mike,5.8186896310950775e-05
magiezoologejaques,5.8186896310950775e-05
flic,5.8186896310950775e-05
erster,5.8186896310950775e-05
bekannter,5.8186896310950775e-05
paris,0.00017456068893285232
miller,0.00011637379262190155
ally,5.8186896310950775e-05
auchjosephine,5.8186896310950775e-05
celestine,0.00011637379262190155
erlebte,0.00011637379262190155
zugexplosion,0.00011637379262190155
michel,0.00011637379262190155
celestineivonne,5.8186896310950775e-05
l,5.8186896310950775e-05
albèrejutz,5.8186896310950775e-05
familienuhukenning,5.8186896310950775e-05
heiti,5.8186896310950775e-05
elfenkönigin,5.8186896310950775e-05
verstorbenkesselhuber,5.8186896310950775e-05
spitzname,0.00011637379262190155
gred,5.8186896310950775e-05
vergeben,5.8186896310950775e-05
kesselböden,5.8186896310950775e-05
normtekimmkorn,5.8186896310950775e-05
nackte,5.8186896310950775e-05
wahrheit,0.00011637379262190155
hört,5.8186896310950775e-05
silverthistlekostas,5.8186896310950775e-05
wirt,5.8186896310950775e-05
olymp,5.8186896310950775e-05
ruhestand,5.8186896310950775e-05
korfukreacher,5.8186896310950775e-05
gestorbenkrum,5.8186896310950775e-05
victor,5.8186896310950775e-05
tanzpartner,5.8186896310950775e-05
teilnehmer,5.8186896310950775e-05
trimagischen,5.8186896310950775e-05
turnierla,5.8186896310950775e-05
vornec,5.8186896310950775e-05
arawen,5.8186896310950775e-05
anagramm,5.8186896310950775e-05
rowena,5.8186896310950775e-05
ravenclawladakee,5.8186896310950775e-05
maledictuslaenar,5.8186896310950775e-05
chef,5.8186896310950775e-05
großbritannienleander,5.8186896310950775e-05
abigaile,5.8186896310950775e-05
wohnt,5.8186896310950775e-05
gordics,5.8186896310950775e-05
hollowlebed,5.8186896310950775e-05
ellyll,5.8186896310950775e-05
elfenkönig,5.8186896310950775e-05
verstorbenlebed,5.8186896310950775e-05
habicht,5.8186896310950775e-05
ellylllestrange,5.8186896310950775e-05
notwehrlestrange,5.8186896310950775e-05
schutz,5.8186896310950775e-05
eberkopfeslestrate,5.8186896310950775e-05
milena,5.8186896310950775e-05
ermordete,5.8186896310950775e-05
verlobte,5.8186896310950775e-05
filchlilienkönigin,5.8186896310950775e-05
blumenfee,5.8186896310950775e-05
elvesgaollockhard,5.8186896310950775e-05
behandlunglongbottom,5.8186896310950775e-05
gärtnerlongbottom,5.8186896310950775e-05
vormals,5.8186896310950775e-05
greengrasslongbottom,5.8186896310950775e-05
bevorzugt,5.8186896310950775e-05
schicke,5.8186896310950775e-05
hüte,5.8186896310950775e-05
getötetlupin,5.8186896310950775e-05
nymphadors,5.8186896310950775e-05
lupinlyens,5.8186896310950775e-05
großbritannienmagorian,5.8186896310950775e-05
zentaurmalfoy,5.8186896310950775e-05
krankheit,5.8186896310950775e-05
verstorbenmalfoy,5.8186896310950775e-05
elfesgaol,5.8186896310950775e-05
duddersmalfoy,5.8186896310950775e-05
druella,5.8186896310950775e-05
lange,0.0002327475852438031
princemalkins,5.8186896310950775e-05
bekleidung,5.8186896310950775e-05
designerin,5.8186896310950775e-05
verkäuferin,5.8186896310950775e-05
winkelgassemanon,5.8186896310950775e-05
schwägerin,5.8186896310950775e-05
pflegeheimmannings,5.8186896310950775e-05
annabella,5.8186896310950775e-05
gärtnerin,5.8186896310950775e-05
lilienfeemannings,5.8186896310950775e-05
joseph,5.8186896310950775e-05
angeblicher,0.00011637379262190155
stimmt,0.00017456068893285232
nichtmannings,0.00011637379262190155
joel,5.8186896310950775e-05
elfelsgaolmarie,5.8186896310950775e-05
bobmarlok,5.8186896310950775e-05
koboldmarlook,5.8186896310950775e-05
koboldmarlow,5.8186896310950775e-05
möbelpackermartin,5.8186896310950775e-05
frankreichmarvin,5.8186896310950775e-05
hauselfmarvin,5.8186896310950775e-05
goldenen,5.8186896310950775e-05
käfig,5.8186896310950775e-05
gestorbenmcgonnagal,5.8186896310950775e-05
professorin,5.8186896310950775e-05
hogwartsmcgray,5.8186896310950775e-05
großbritannienmclaggen,5.8186896310950775e-05
junior,5.8186896310950775e-05
niveau,5.8186896310950775e-05
beschwertmcsimmons,5.8186896310950775e-05
tarnnamen,5.8186896310950775e-05
ausgedachtmelena,5.8186896310950775e-05
sirotkina,5.8186896310950775e-05
russische,5.8186896310950775e-05
fallanalytikerinmelina,5.8186896310950775e-05
kostas,5.8186896310950775e-05
korfumerchand,5.8186896310950775e-05
frankreichmichel,5.8186896310950775e-05
muggelkind,5.8186896310950775e-05
jüngerer,5.8186896310950775e-05
josephinemiller,5.8186896310950775e-05
heinrich,5.8186896310950775e-05
privatermittler,5.8186896310950775e-05
alte,0.00011637379262190155
ermordetmoody,5.8186896310950775e-05
narbenfresse,5.8186896310950775e-05
ungeschickter,5.8186896310950775e-05
besenfliegermorian,5.8186896310950775e-05
zentaurmorton,5.8186896310950775e-05
großbritannienmulciber,5.8186896310950775e-05
aktiver,5.8186896310950775e-05
todessermunch,5.8186896310950775e-05
edvart,5.8186896310950775e-05
malernagini,5.8186896310950775e-05
ladakees,5.8186896310950775e-05
maledictusnick,5.8186896310950775e-05
hogwartsnicola,5.8186896310950775e-05
hellers,5.8186896310950775e-05
veronica,5.8186896310950775e-05
sellersnicolay,5.8186896310950775e-05
ute,5.8186896310950775e-05
versicherungstante,5.8186896310950775e-05
dursleysnirwanmandranisutra,5.8186896310950775e-05
schlickschlumpf,5.8186896310950775e-05
habennott,5.8186896310950775e-05
todesseroberon,5.8186896310950775e-05
titania,5.8186896310950775e-05
elfenkönige,5.8186896310950775e-05
muggelliteraturollivander,5.8186896310950775e-05
garrick,5.8186896310950775e-05
zauberstabmacher,5.8186896310950775e-05
nichte,5.8186896310950775e-05
führt,5.8186896310950775e-05
geschäftoradur,5.8186896310950775e-05
nil,5.8186896310950775e-05
ikan,5.8186896310950775e-05
sprecher,5.8186896310950775e-05
koboldkonventparfumaugust,5.8186896310950775e-05
bellaparkinson,5.8186896310950775e-05
campbell,5.8186896310950775e-05
traverspettigrew,5.8186896310950775e-05
zweitet,5.8186896310950775e-05
getötetpeves,5.8186896310950775e-05
poltergeist,5.8186896310950775e-05
chefgeist,5.8186896310950775e-05
hogwartsphoebe,5.8186896310950775e-05
rolselynn,5.8186896310950775e-05
noah,5.8186896310950775e-05
hermionepillsworth,5.8186896310950775e-05
verwaltungsangestellter,5.8186896310950775e-05
bratkartoffelnpillsworth,5.8186896310950775e-05
agnetha,5.8186896310950775e-05
getötetpotter,5.8186896310950775e-05
zaubererkriegpotter,5.8186896310950775e-05
seraphinia,5.8186896310950775e-05
taucht,5.8186896310950775e-05
stammbaum,5.8186896310950775e-05
TRAVERS,5.8186896310950775e-05
affaireprang,5.8186896310950775e-05
müder,5.8186896310950775e-05
busfahrer,5.8186896310950775e-05
fahrenden,5.8186896310950775e-05
rittersprewett,5.8186896310950775e-05
weasleyprince,5.8186896310950775e-05
verheiratetprince,5.8186896310950775e-05
henry,5.8186896310950775e-05
harriet,5.8186896310950775e-05
kinderprof,5.8186896310950775e-05
klaute,5.8186896310950775e-05
bacon,5.8186896310950775e-05
protestierenden,5.8186896310950775e-05
lebenden,5.8186896310950775e-05
verwandten,0.00011637379262190155
blacks,5.8186896310950775e-05
ewigkeit,5.8186896310950775e-05
anfühlte,5.8186896310950775e-05
drachen,0.00017456068893285232
reichte,0.0002327475852438031
vorbeugte,0.00011637379262190155
acht,5.8186896310950775e-05
monate,0.00011637379262190155
alten,0.00011637379262190155
beiläufig,0.00011637379262190155
klingen,0.00011637379262190155
entgegenstreckte,5.8186896310950775e-05
fest,0.00017456068893285232
gereicht,5.8186896310950775e-05
geflickte,0.00011637379262190155
naht,5.8186896310950775e-05
ärmel,5.8186896310950775e-05
fluchte,5.8186896310950775e-05
aufging,5.8186896310950775e-05
kleidung,0.00011637379262190155
trugen,5.8186896310950775e-05
kehle,5.8186896310950775e-05
fühlte,0.0002327475852438031
zugeschnürt,5.8186896310950775e-05
korridor,5.8186896310950775e-05
ende,0.0002327475852438031
erreichten,0.00011637379262190155
gruppe,5.8186896310950775e-05
raco,5.8186896310950775e-05
gefühlskalter,5.8186896310950775e-05
pure,5.8186896310950775e-05
freude,0.00011637379262190155
verwandelte,5.8186896310950775e-05
liebt,5.8186896310950775e-05
seufzte,0.0002327475852438031
nicken,0.00017456068893285232
niemals,0.00011637379262190155
vorstellen,5.8186896310950775e-05
jemals,0.00011637379262190155
quirliges,5.8186896310950775e-05
fünfzehn,5.8186896310950775e-05
kommen,0.00017456068893285232
holen,0.00011637379262190155
erinnerung,0.00011637379262190155
freudestrahlend,0.00011637379262190155
luft,0.00017456068893285232
geräusch,5.8186896310950775e-05
hunderter,5.8186896310950775e-05
erhoben,5.8186896310950775e-05
sorgen,0.00011637379262190155
schreien,0.00011637379262190155
presste,0.00017456068893285232
weinend,5.8186896310950775e-05
unwillkürlich,5.8186896310950775e-05
kerl,5.8186896310950775e-05
hinüberkrabbelte,5.8186896310950775e-05
halsbrecherisch,5.8186896310950775e-05
fröhliches,5.8186896310950775e-05
quieken,5.8186896310950775e-05
perfekt,5.8186896310950775e-05
zimmer,0.0007564296520423601
äußere,5.8186896310950775e-05
verstummen,5.8186896310950775e-05
abzuschirmen,5.8186896310950775e-05
abgelenkt,5.8186896310950775e-05
abgebracht,5.8186896310950775e-05
guten,5.8186896310950775e-05
begrüßte,0.00011637379262190155
hoffnungsvoll,5.8186896310950775e-05
meinst,0.00017456068893285232
mitte,5.8186896310950775e-05
november,0.00017456068893285232
wunderschön,5.8186896310950775e-05
sonne,5.8186896310950775e-05
hell,5.8186896310950775e-05
warm,5.8186896310950775e-05
herab,5.8186896310950775e-05
beobachteten,5.8186896310950775e-05
büsche,5.8186896310950775e-05
gnomen,5.8186896310950775e-05
absuchten,5.8186896310950775e-05
wegen,0.00017456068893285232
situation,5.8186896310950775e-05
gefahr,5.8186896310950775e-05
geraten,5.8186896310950775e-05
seitdem,5.8186896310950775e-05
schlange,5.8186896310950775e-05
erinnert,0.00011637379262190155
nachzudenken,5.8186896310950775e-05
veranda,5.8186896310950775e-05
fangen,5.8186896310950775e-05
betreten,5.8186896310950775e-05
zuzurennen,5.8186896310950775e-05
hochnahm,5.8186896310950775e-05
dagegen,5.8186896310950775e-05
wehren,5.8186896310950775e-05
umgang,5.8186896310950775e-05
wohin,5.8186896310950775e-05
dämliche,5.8186896310950775e-05
zuriefen,5.8186896310950775e-05
hörweite,0.00011637379262190155
begleiten,0.00011637379262190155
details,5.8186896310950775e-05
besprechen,5.8186896310950775e-05
verstehe,5.8186896310950775e-05
fiel,0.00011637379262190155
erwidern,5.8186896310950775e-05
hörten,5.8186896310950775e-05
schrei,5.8186896310950775e-05
umdrehten,5.8186896310950775e-05
hochrennen,5.8186896310950775e-05
dicht,5.8186896310950775e-05
gefolgt,5.8186896310950775e-05
erreichte,5.8186896310950775e-05
nahmen,5.8186896310950775e-05
männern,5.8186896310950775e-05
tagesprophet,5.8186896310950775e-05
berichterstattung,5.8186896310950775e-05
zentrum,0.00017456068893285232
konzentriert,5.8186896310950775e-05
ausnahme,5.8186896310950775e-05
fotos,0.00011637379262190155
führung,5.8186896310950775e-05
leiteten,5.8186896310950775e-05
veröffentlicht,5.8186896310950775e-05
verbrachte,0.00011637379262190155
vorzubereiten,5.8186896310950775e-05
straße,5.8186896310950775e-05
nickten,5.8186896310950775e-05
gegenseitig,5.8186896310950775e-05
omi,5.8186896310950775e-05
tagen,5.8186896310950775e-05
blasser,5.8186896310950775e-05
sowieso,5.8186896310950775e-05
gnom,5.8186896310950775e-05
diskutierte,5.8186896310950775e-05
ecke,5.8186896310950775e-05
gartenscheune,5.8186896310950775e-05
getrieben,5.8186896310950775e-05
schallplatten,5.8186896310950775e-05
übungsschnatz,5.8186896310950775e-05
münze,5.8186896310950775e-05
ähm,5.8186896310950775e-05
zeichnung,5.8186896310950775e-05
angespannt,5.8186896310950775e-05
küchenfenster,5.8186896310950775e-05
hindurch,5.8186896310950775e-05
gestrigen,5.8186896310950775e-05
landeten,5.8186896310950775e-05
teppich,5.8186896310950775e-05
spuckende,5.8186896310950775e-05
warfen,5.8186896310950775e-05
fröhlichem,5.8186896310950775e-05
jauchzen,5.8186896310950775e-05
karten,5.8186896310950775e-05
stapel,5.8186896310950775e-05
strickarbeit,5.8186896310950775e-05
bot,5.8186896310950775e-05
hinauf,5.8186896310950775e-05
zurzeit,5.8186896310950775e-05
drachenbändiger,5.8186896310950775e-05
beschlossen,0.00011637379262190155
ungezogenen,5.8186896310950775e-05
schwedischen,0.00011637379262190155
zwingen,5.8186896310950775e-05
landen,5.8186896310950775e-05
höhle,5.8186896310950775e-05
lockeren,5.8186896310950775e-05
schnick,5.8186896310950775e-05
handgelenk,5.8186896310950775e-05
aufsteigen,5.8186896310950775e-05
erzählst,5.8186896310950775e-05
netter,5.8186896310950775e-05
junger,5.8186896310950775e-05
kletterte,0.00017456068893285232
unters,5.8186896310950775e-05
kinn,5.8186896310950775e-05
nahezu,5.8186896310950775e-05
unmöglich,0.00011637379262190155
voraus,5.8186896310950775e-05
vorzustellen,0.00011637379262190155
viele,5.8186896310950775e-05
möbel,5.8186896310950775e-05
benötigte,5.8186896310950775e-05
größe,5.8186896310950775e-05
auszustatten,5.8186896310950775e-05
möbelstück,5.8186896310950775e-05
vordertür,5.8186896310950775e-05
geschwebt,5.8186896310950775e-05
tatkräftigen,5.8186896310950775e-05
unterstützung,5.8186896310950775e-05
fanden,0.00011637379262190155
innerhalb,5.8186896310950775e-05
weniger,5.8186896310950775e-05
stunden,0.00011637379262190155
plätze,0.00011637379262190155
oxford,5.8186896310950775e-05
street,5.8186896310950775e-05
weihnachtsdekoration,5.8186896310950775e-05
anzuschauen,5.8186896310950775e-05
weiterarbeiten,5.8186896310950775e-05
etage,5.8186896310950775e-05
höher,5.8186896310950775e-05
offenen,5.8186896310950775e-05
blieb,0.0002909344815547539
pinsels,5.8186896310950775e-05
klopfte,5.8186896310950775e-05
betrachtete,0.00017456068893285232
verbringen,5.8186896310950775e-05
jahre,0.00017456068893285232
steigt,5.8186896310950775e-05
merlins,5.8186896310950775e-05
zwischendurch,5.8186896310950775e-05
darauffolgenden,5.8186896310950775e-05
samstag,5.8186896310950775e-05
ganzes,5.8186896310950775e-05
wochenende,0.00017456068893285232
fuchsbau,5.8186896310950775e-05
david,0.00011637379262190155
ungestört,0.00017456068893285232
arbeiten,5.8186896310950775e-05
teetablett,5.8186896310950775e-05
männer,5.8186896310950775e-05
gelehnt,5.8186896310950775e-05
versprochen,5.8186896310950775e-05
erdgeschoss,5.8186896310950775e-05
liegt,5.8186896310950775e-05
bald,0.00011637379262190155
raste,5.8186896310950775e-05
hinaufgeflitzt,5.8186896310950775e-05
irgendjemand,0.00011637379262190155
gewollt,5.8186896310950775e-05
überraschung,0.00011637379262190155
zückte,5.8186896310950775e-05
plumpste,5.8186896310950775e-05
offenem,5.8186896310950775e-05
mund,0.00017456068893285232
unglaublich,5.8186896310950775e-05
staunte,5.8186896310950775e-05
sorgte,5.8186896310950775e-05
abwesenheit,5.8186896310950775e-05
wandbild,5.8186896310950775e-05
hochkonzentriert,5.8186896310950775e-05
bestand,0.00011637379262190155
peinlich,5.8186896310950775e-05
folgte,5.8186896310950775e-05
wunsch,0.00011637379262190155
amüsant,5.8186896310950775e-05
mitreißen,5.8186896310950775e-05
seid,0.0002327475852438031
geschichten,5.8186896310950775e-05
sonstige,5.8186896310950775e-05
abgespannt,5.8186896310950775e-05
erklären,0.00017456068893285232
herholte,5.8186896310950775e-05
vermutete,5.8186896310950775e-05
möglichkeit,5.8186896310950775e-05
geben,5.8186896310950775e-05
ruhe,5.8186896310950775e-05
anzunähern,5.8186896310950775e-05
wilde,5.8186896310950775e-05
neugierige,5.8186896310950775e-05
art,5.8186896310950775e-05
aufmunternd,5.8186896310950775e-05
regalen,5.8186896310950775e-05
spielzeug,5.8186896310950775e-05
streiche,5.8186896310950775e-05
enthielten,5.8186896310950775e-05
öffentlichkeit,5.8186896310950775e-05
drachenreservat,5.8186896310950775e-05
gearbeitet,5.8186896310950775e-05
daher,5.8186896310950775e-05
lustig,5.8186896310950775e-05
lieb,5.8186896310950775e-05
schnurrte,5.8186896310950775e-05
zeichenblock,5.8186896310950775e-05
frühstück,5.8186896310950775e-05
überschlug,5.8186896310950775e-05
schaffen,5.8186896310950775e-05
flagranti,5.8186896310950775e-05
billardtisch,5.8186896310950775e-05
erwischt,5.8186896310950775e-05
löste,5.8186896310950775e-05
hüften,5.8186896310950775e-05
gleiten,5.8186896310950775e-05
küssen,5.8186896310950775e-05
wich,5.8186896310950775e-05
warten,5.8186896310950775e-05
leute,5.8186896310950775e-05
weitergegangen,5.8186896310950775e-05
hocke,5.8186896310950775e-05
schützend,5.8186896310950775e-05
schultern,5.8186896310950775e-05
schlimm,0.00011637379262190155
lest,5.8186896310950775e-05
zeitung,0.00017456068893285232
beistelltisch,5.8186896310950775e-05
sang,5.8186896310950775e-05
baum,5.8186896310950775e-05
knutschen,0.00011637379262190155
glaubt,5.8186896310950775e-05
kaum,0.0002327475852438031
zeitreisende,5.8186896310950775e-05
huch,5.8186896310950775e-05
woanders,5.8186896310950775e-05
gehst,5.8186896310950775e-05
feierlichem,5.8186896310950775e-05
kniff,5.8186896310950775e-05
daco,5.8186896310950775e-05
saft,0.00011637379262190155
chance,5.8186896310950775e-05
mitkommst,5.8186896310950775e-05
kräcker,5.8186896310950775e-05
braucht,5.8186896310950775e-05
einrichtungsmagazine,5.8186896310950775e-05
hexen,0.00011637379262190155
jahrelangen,5.8186896310950775e-05
vergessen,5.8186896310950775e-05
naja,5.8186896310950775e-05
charmantes,5.8186896310950775e-05
hilft,5.8186896310950775e-05
miene,5.8186896310950775e-05
aufhellte,5.8186896310950775e-05
liebevolles,5.8186896310950775e-05
lippen,0.00011637379262190155
huschte,5.8186896310950775e-05
patricia,5.8186896310950775e-05
weasley,0.0008728034446642616
eingeschult,5.8186896310950775e-05
anzusehen,5.8186896310950775e-05
x,5.8186896310950775e-05
twilight,5.8186896310950775e-05
crossoverharry,5.8186896310950775e-05
edward,5.8186896310950775e-05
cullen,5.8186896310950775e-05
jacob,5.8186896310950775e-05
black,0.00011637379262190155
sohnvergangenheit,5.8186896310950775e-05
bashingdraco,5.8186896310950775e-05
besten,5.8186896310950775e-05
freundesirius,5.8186896310950775e-05
tot,5.8186896310950775e-05
romanze,5.8186896310950775e-05
happy,5.8186896310950775e-05
end,5.8186896310950775e-05
mpreg,5.8186896310950775e-05
prolog,5.8186896310950775e-05
mitbekam,5.8186896310950775e-05
unterricht,5.8186896310950775e-05
geregelten,5.8186896310950775e-05
bahnen,5.8186896310950775e-05
aggressivität,5.8186896310950775e-05
beginn,5.8186896310950775e-05
hoffen,5.8186896310950775e-05
schafft,5.8186896310950775e-05
heranzukommen,5.8186896310950775e-05
beendete,5.8186896310950775e-05
victoires,5.8186896310950775e-05
wachsames,5.8186896310950775e-05
offen,5.8186896310950775e-05
verhalten,0.00017456068893285232
skeptisch,5.8186896310950775e-05
laune,5.8186896310950775e-05
sichtlich,5.8186896310950775e-05
eigenen,5.8186896310950775e-05
tatsache,5.8186896310950775e-05
beeindruckt,5.8186896310950775e-05
schokoladenseite,5.8186896310950775e-05
geglaubt,5.8186896310950775e-05
gutmütig,5.8186896310950775e-05
knuffte,5.8186896310950775e-05
erneut,0.00017456068893285232
hey,0.00011637379262190155
schläge,5.8186896310950775e-05
tun,0.00017456068893285232
verdammt,5.8186896310950775e-05
weh,5.8186896310950775e-05
wehleidig,5.8186896310950775e-05
rieb,5.8186896310950775e-05
theatralisch,5.8186896310950775e-05
malträtierte,5.8186896310950775e-05
einfing,5.8186896310950775e-05
hallte,5.8186896310950775e-05
zuging,0.00011637379262190155
gelang,5.8186896310950775e-05
zuzuflüstern,5.8186896310950775e-05
sonntag,5.8186896310950775e-05
toilette,5.8186896310950775e-05
begeben,5.8186896310950775e-05
einnehmen,5.8186896310950775e-05
begleiter,5.8186896310950775e-05
mehrere,0.00011637379262190155
ausgezogen,5.8186896310950775e-05
instruktionen,5.8186896310950775e-05
gegeben,0.00017456068893285232
niemand,5.8186896310950775e-05
lenard,5.8186896310950775e-05
herumschlenderte,5.8186896310950775e-05
sicherzustellen,5.8186896310950775e-05
echt,5.8186896310950775e-05
bevölkerung,5.8186896310950775e-05
zuerst,0.00011637379262190155
kümmern,0.00017456068893285232
schritte,5.8186896310950775e-05
planen,5.8186896310950775e-05
bester,5.8186896310950775e-05
teilen,5.8186896310950775e-05
undenkbar,5.8186896310950775e-05
kehrte,5.8186896310950775e-05
parkway,5.8186896310950775e-05
freunden,5.8186896310950775e-05
einzigen,5.8186896310950775e-05
enkel,5.8186896310950775e-05
erfuhr,5.8186896310950775e-05
einzelkind,5.8186896310950775e-05
geblieben,0.00011637379262190155
geburt,5.8186896310950775e-05
komplikationen,5.8186896310950775e-05
schwangerschaften,5.8186896310950775e-05
machten,0.0002327475852438031
stattdessen,0.00011637379262190155
schmerzhaft,5.8186896310950775e-05
vorstellung,5.8186896310950775e-05
niemanden,5.8186896310950775e-05
morgens,5.8186896310950775e-05
geschenke,5.8186896310950775e-05
auspacken,5.8186896310950775e-05
abschieben,5.8186896310950775e-05
ooh,5.8186896310950775e-05
wahrer,5.8186896310950775e-05
lügengeschichten,5.8186896310950775e-05
ausgelassen,5.8186896310950775e-05
sekunde,0.00011637379262190155
tages,5.8186896310950775e-05
vaters,5.8186896310950775e-05
zerzausten,5.8186896310950775e-05
blondem,5.8186896310950775e-05
stolzes,5.8186896310950775e-05
nervöse,5.8186896310950775e-05
dummen,5.8186896310950775e-05
entscheidungen,5.8186896310950775e-05
feiglings,5.8186896310950775e-05
grinste,0.0002327475852438031
breit,0.00011637379262190155
schief,5.8186896310950775e-05
spitzen,5.8186896310950775e-05
haars,5.8186896310950775e-05
blau,5.8186896310950775e-05
zusammenfassung,5.8186896310950775e-05
juli,0.00017456068893285232
besuch,0.00017456068893285232
arbeitet,5.8186896310950775e-05
vermisst,5.8186896310950775e-05
sex,0.00011637379262190155
übel,5.8186896310950775e-05
weckt,5.8186896310950775e-05
merkwürdiges,5.8186896310950775e-05
misstrauen,5.8186896310950775e-05
verwendeten,5.8186896310950775e-05
charaktere,5.8186896310950775e-05
ortschaften,5.8186896310950775e-05
gehören,5.8186896310950775e-05
frühstückstisch,0.00011637379262190155
auftauchen,5.8186896310950775e-05
registrierte,5.8186896310950775e-05
gebannt,0.00011637379262190155
technischen,5.8186896310950775e-05
geräte,5.8186896310950775e-05
gerät,5.8186896310950775e-05
hinein,0.00011637379262190155
hasst,5.8186896310950775e-05
kaschmir,0.00011637379262190155
schlagen,5.8186896310950775e-05
freuen,5.8186896310950775e-05
kommentierte,5.8186896310950775e-05
mintgrünen,5.8186896310950775e-05
rollkragenpullover,5.8186896310950775e-05
fragend,0.00011637379262190155
hinhielt,5.8186896310950775e-05
augenbraue,5.8186896310950775e-05
worauf,0.00011637379262190155
abwinkte,5.8186896310950775e-05
mintgrün,5.8186896310950775e-05
sicherlich,5.8186896310950775e-05
angedeutet,5.8186896310950775e-05
wurden,0.00017456068893285232
trotz,5.8186896310950775e-05
fündig,5.8186896310950775e-05
erleichterung,5.8186896310950775e-05
förmlich,5.8186896310950775e-05
nasenspitze,5.8186896310950775e-05
pfund,5.8186896310950775e-05
eis,5.8186896310950775e-05
dankte,5.8186896310950775e-05
nochmal,0.00017456068893285232
dame,5.8186896310950775e-05
restlichen,5.8186896310950775e-05
erstaunlich,5.8186896310950775e-05
dran,0.00011637379262190155
büro,0.0002327475852438031
entschuldigte,5.8186896310950775e-05
scheitel,5.8186896310950775e-05
seufzend,5.8186896310950775e-05
fallen,0.00011637379262190155
spielkonsole,5.8186896310950775e-05
länger,5.8186896310950775e-05
mochte,5.8186896310950775e-05
konsole,5.8186896310950775e-05
ausgemacht,5.8186896310950775e-05
spähte,5.8186896310950775e-05
neugierig,5.8186896310950775e-05
zeitschrift,0.00011637379262190155
schmälerte,5.8186896310950775e-05
beirren,5.8186896310950775e-05
las,0.0002327475852438031
erste,0.00011637379262190155
läuft,5.8186896310950775e-05
momentan,5.8186896310950775e-05
hinten,5.8186896310950775e-05
geschlagen,5.8186896310950775e-05
teetassen,5.8186896310950775e-05
protestieren,5.8186896310950775e-05
dritte,5.8186896310950775e-05
neue,0.00011637379262190155
brille,5.8186896310950775e-05
ebenso,5.8186896310950775e-05
aufgefallen,5.8186896310950775e-05
zuckte,5.8186896310950775e-05
achseln,5.8186896310950775e-05
kichernd,5.8186896310950775e-05
aufforderung,5.8186896310950775e-05
leicht,0.00011637379262190155
unauffällig,5.8186896310950775e-05
überzogenen,5.8186896310950775e-05
kreditkarte,5.8186896310950775e-05
überflog,5.8186896310950775e-05
gestellt,5.8186896310950775e-05
rest,5.8186896310950775e-05
beschwerte,5.8186896310950775e-05
fünfundvierzig,5.8186896310950775e-05
lang,0.00011637379262190155
gästezimmer,5.8186896310950775e-05
unterbrach,5.8186896310950775e-05
selbstverständlich,0.00011637379262190155
bat,5.8186896310950775e-05
darum,5.8186896310950775e-05
mittagspause,0.00011637379262190155
abzuholen,5.8186896310950775e-05
meetings,5.8186896310950775e-05
planung,5.8186896310950775e-05
willigte,5.8186896310950775e-05
zunge,5.8186896310950775e-05
zaum,5.8186896310950775e-05
ministerium,5.8186896310950775e-05
gefloht,5.8186896310950775e-05
hol,5.8186896310950775e-05
eilig,0.00011637379262190155
grob,5.8186896310950775e-05
bleibt,5.8186896310950775e-05
meraz,5.8186896310950775e-05
steht,5.8186896310950775e-05
indisches,5.8186896310950775e-05
verkniff,5.8186896310950775e-05
schnauben,5.8186896310950775e-05
stark,5.8186896310950775e-05
aufeinander,5.8186896310950775e-05
conner,5.8186896310950775e-05
moss,5.8186896310950775e-05
weit,5.8186896310950775e-05
freundlichkeiten,5.8186896310950775e-05
aufkreuzen,5.8186896310950775e-05
ansatzweise,5.8186896310950775e-05
kämpfen,5.8186896310950775e-05
wut,5.8186896310950775e-05
unschuldigen,5.8186896310950775e-05
bengel,5.8186896310950775e-05
auszulassen,5.8186896310950775e-05
untere,5.8186896310950775e-05
stockwerk,5.8186896310950775e-05
hergerichtet,5.8186896310950775e-05
packen,5.8186896310950775e-05
trennen,0.00011637379262190155
besorgt,5.8186896310950775e-05
musterte,5.8186896310950775e-05
lehne,5.8186896310950775e-05
schreibtischstuhls,5.8186896310950775e-05
stumm,5.8186896310950775e-05
ruhig,5.8186896310950775e-05
größtes,5.8186896310950775e-05
geheimnis,5.8186896310950775e-05
anvertraut,5.8186896310950775e-05
memory,0.00011637379262190155
wüsste,5.8186896310950775e-05
privatangelegenheiten,5.8186896310950775e-05
schnippisch,5.8186896310950775e-05
manieren,5.8186896310950775e-05
schaden,0.00011637379262190155
leichtes,5.8186896310950775e-05
zischen,5.8186896310950775e-05
erklang,5.8186896310950775e-05
öffnete,5.8186896310950775e-05
schublade,5.8186896310950775e-05
heraus,0.00017456068893285232
erkennen,5.8186896310950775e-05
zauber,5.8186896310950775e-05
versiegelt,5.8186896310950775e-05
passend,5.8186896310950775e-05
anlass,5.8186896310950775e-05
pechschwarz,5.8186896310950775e-05
zahm,5.8186896310950775e-05
schüchtern,0.00011637379262190155
gezerrt,5.8186896310950775e-05
bespaßen,5.8186896310950775e-05
stellt,5.8186896310950775e-05
packung,0.00017456068893285232
taschentücher,0.00011637379262190155
vorwarnung,5.8186896310950775e-05
hege,5.8186896310950775e-05
plastikgläser,5.8186896310950775e-05
stummelfinger,5.8186896310950775e-05
prostete,5.8186896310950775e-05
erlaubte,5.8186896310950775e-05
hexe,5.8186896310950775e-05
unterdrückte,5.8186896310950775e-05
starke,5.8186896310950775e-05
verlangen,5.8186896310950775e-05
verdrehen,5.8186896310950775e-05
starrten,0.00011637379262190155
einstimmten,5.8186896310950775e-05
verstehen,5.8186896310950775e-05
tut,5.8186896310950775e-05
sowohl,5.8186896310950775e-05
pate,5.8186896310950775e-05
lehrer,5.8186896310950775e-05
verteidigung,0.00017456068893285232
dunklen,0.00017456068893285232
künste,0.00017456068893285232
jahren,0.00011637379262190155
geheiratet,5.8186896310950775e-05
endete,5.8186896310950775e-05
hinweg,5.8186896310950775e-05
angeschrien,5.8186896310950775e-05
gummibärchen,5.8186896310950775e-05
beworfen,5.8186896310950775e-05
irgendeine,5.8186896310950775e-05
allee,5.8186896310950775e-05
geklaut,5.8186896310950775e-05
davor,5.8186896310950775e-05
strangulieren,5.8186896310950775e-05
beruhigen,5.8186896310950775e-05
all,0.00011637379262190155
geschrei,5.8186896310950775e-05
unerträglich,5.8186896310950775e-05
april,5.8186896310950775e-05
hufflepuffvictoire,5.8186896310950775e-05
mai,0.00017456068893285232
ravenclawdominique,5.8186896310950775e-05
oktober,0.00011637379262190155
ravenclawfred,5.8186896310950775e-05
märz,0.00011637379262190155
gryffindorjames,5.8186896310950775e-05
juni,0.00011637379262190155
gryffindormolly,5.8186896310950775e-05
audrey,0.00017456068893285232
ravenclawlouis,5.8186896310950775e-05
august,5.8186896310950775e-05
gryffindorroxanna,5.8186896310950775e-05
gryffindoralice,5.8186896310950775e-05
longbottom,0.00011637379262190155
gryffindorrose,5.8186896310950775e-05
gryffindoralbus,5.8186896310950775e-05
slytherinscorpius,5.8186896310950775e-05
hyperion,5.8186896310950775e-05
slytherinsophie,5.8186896310950775e-05
scott,0.00011637379262190155
marie,5.8186896310950775e-05
september,5.8186896310950775e-05
slytherinlorcan,5.8186896310950775e-05
scamander,0.0002327475852438031
rolf,0.00011637379262190155
ravenclawlysander,5.8186896310950775e-05
gryffindorlucy,5.8186896310950775e-05
februar,5.8186896310950775e-05
slytherinhugo,5.8186896310950775e-05
hufflepufflily,5.8186896310950775e-05
hufflepuffmatthew,5.8186896310950775e-05
mami,5.8186896310950775e-05
arbeit,5.8186896310950775e-05
beschäftigt,5.8186896310950775e-05
strubbelte,5.8186896310950775e-05
schwarze,5.8186896310950775e-05
verlassen,0.00011637379262190155
leidenschaft,5.8186896310950775e-05
auslachten,5.8186896310950775e-05
reiste,5.8186896310950775e-05
solang,5.8186896310950775e-05
ohnehin,0.00011637379262190155
sooooo,5.8186896310950775e-05
wars,5.8186896310950775e-05
findet,5.8186896310950775e-05
forderte,5.8186896310950775e-05
außer,5.8186896310950775e-05
überzeugt,5.8186896310950775e-05
vertraue,5.8186896310950775e-05
wussten,5.8186896310950775e-05
spielsachen,5.8186896310950775e-05
kaufen,5.8186896310950775e-05
richtigen,5.8186896310950775e-05
erlebt,5.8186896310950775e-05
geld,5.8186896310950775e-05
nachmittag,5.8186896310950775e-05
brachten,5.8186896310950775e-05
schönste,5.8186896310950775e-05
hören,5.8186896310950775e-05
verdient,5.8186896310950775e-05
allerdings,0.00011637379262190155
bestätigte,5.8186896310950775e-05
gutes,5.8186896310950775e-05
salon,0.00011637379262190155
änderte,5.8186896310950775e-05
geborene,5.8186896310950775e-05
abgereist,5.8186896310950775e-05
halfen,5.8186896310950775e-05
hunger,0.00011637379262190155
windelgemacht,5.8186896310950775e-05
kalt,5.8186896310950775e-05
woher,5.8186896310950775e-05
knurrte,0.00011637379262190155
einzelne,5.8186896310950775e-05
wörter,5.8186896310950775e-05
brabbeln,5.8186896310950775e-05
musst,0.0002327475852438031
wollt,5.8186896310950775e-05
veralbern,5.8186896310950775e-05
brummte,0.00011637379262190155
hervorragend,5.8186896310950775e-05
stapfte,5.8186896310950775e-05
albträume,5.8186896310950775e-05
momenten,5.8186896310950775e-05
gestillt,5.8186896310950775e-05
wenige,5.8186896310950775e-05
momente,5.8186896310950775e-05
eingeschlafen,5.8186896310950775e-05
daddy,5.8186896310950775e-05
pool,5.8186896310950775e-05
lasse,5.8186896310950775e-05
undankbares,5.8186896310950775e-05
tust,5.8186896310950775e-05
schwarzen,5.8186896310950775e-05
erwarten,0.00011637379262190155
siehst,5.8186896310950775e-05
beliebt,5.8186896310950775e-05
glück,0.00011637379262190155
fassen,5.8186896310950775e-05
posten,5.8186896310950775e-05
angeboten,5.8186896310950775e-05
regelmäßig,5.8186896310950775e-05
streifen,5.8186896310950775e-05
zeigen,5.8186896310950775e-05
damals,5.8186896310950775e-05
schlechtes,5.8186896310950775e-05
behaupten,5.8186896310950775e-05
verwöhntes,5.8186896310950775e-05
mädchen,0.00017456068893285232
gestern,5.8186896310950775e-05
gestanden,5.8186896310950775e-05
aufgerufen,5.8186896310950775e-05
meldete,5.8186896310950775e-05
zaubertränke,5.8186896310950775e-05
angewiesen,5.8186896310950775e-05
wellhornschnecken,5.8186896310950775e-05
feuer,5.8186896310950775e-05
schmorte,5.8186896310950775e-05
stachelschweinpastillen,5.8186896310950775e-05
versehentlich,5.8186896310950775e-05
hinzu,5.8186896310950775e-05
wahnsinnig,5.8186896310950775e-05
ansonsten,5.8186896310950775e-05
passierte,5.8186896310950775e-05
besonderes,5.8186896310950775e-05
zusammengepackt,5.8186896310950775e-05
fläschchen,5.8186896310950775e-05
angelächelt,5.8186896310950775e-05
köpfchen,5.8186896310950775e-05
apparierte,5.8186896310950775e-05
türklopfer,5.8186896310950775e-05
badete,5.8186896310950775e-05
akte,5.8186896310950775e-05
beten,5.8186896310950775e-05
meinung,0.00011637379262190155
abgelegt,5.8186896310950775e-05
schaffst,5.8186896310950775e-05
daro,5.8186896310950775e-05
dritten,5.8186896310950775e-05
küchentisch,5.8186896310950775e-05
einzig,5.8186896310950775e-05
nudeln,0.00011637379262190155
autos,5.8186896310950775e-05
kicherte,0.00017456068893285232
auflauf,5.8186896310950775e-05
fing,5.8186896310950775e-05
komplett,5.8186896310950775e-05
konzentrierte,5.8186896310950775e-05
bettchen,5.8186896310950775e-05
hüpfte,0.00011637379262190155
gucken,5.8186896310950775e-05
sowas,5.8186896310950775e-05
wahr,5.8186896310950775e-05
wen,5.8186896310950775e-05
mitgebracht,5.8186896310950775e-05
scoopy,0.00017456068893285232
teeeeeeddy,5.8186896310950775e-05
fliiiiiegen,5.8186896310950775e-05
bleibst,5.8186896310950775e-05
nase,5.8186896310950775e-05
betrachten,5.8186896310950775e-05
widererwartend,5.8186896310950775e-05
schmeckte,5.8186896310950775e-05
stopfte,5.8186896310950775e-05
hasi,5.8186896310950775e-05
hase,5.8186896310950775e-05
kita,5.8186896310950775e-05
dicken,5.8186896310950775e-05
backen,5.8186896310950775e-05
fressen,5.8186896310950775e-05
schnitt,5.8186896310950775e-05
tomaten,5.8186896310950775e-05
effa,5.8186896310950775e-05
mampfte,5.8186896310950775e-05
schrie,5.8186896310950775e-05
grillen,5.8186896310950775e-05
nissi,5.8186896310950775e-05
schwarzhaarigen,5.8186896310950775e-05
falls,5.8186896310950775e-05
schreibe,5.8186896310950775e-05
angebetete,5.8186896310950775e-05
andauernd,5.8186896310950775e-05
verliebt,5.8186896310950775e-05
hielten,5.8186896310950775e-05
abartig,5.8186896310950775e-05
süße,5.8186896310950775e-05
kotzen,5.8186896310950775e-05
gewählt,5.8186896310950775e-05
verträumt,5.8186896310950775e-05
antwort,5.8186896310950775e-05
zettel,5.8186896310950775e-05
möglich,0.00011637379262190155
abholst,5.8186896310950775e-05
abholen,5.8186896310950775e-05
gezwungenermassen,5.8186896310950775e-05
mitkommen,5.8186896310950775e-05
flohten,0.00017456068893285232
topf,5.8186896310950775e-05
herd,5.8186896310950775e-05
teelöffel,5.8186896310950775e-05
salz,5.8186896310950775e-05
hineinschütten,5.8186896310950775e-05
durfte,0.00011637379262190155
schwenk,5.8186896310950775e-05
zauberstabes,5.8186896310950775e-05
zupfte,5.8186896310950775e-05
links,0.00011637379262190155
platzierte,5.8186896310950775e-05
quidditchumhang,5.8186896310950775e-05
nimbus,5.8186896310950775e-05
dahinten,5.8186896310950775e-05
kuck,5.8186896310950775e-05
anschauen,5.8186896310950775e-05
insgesamt,5.8186896310950775e-05
bettfertig,0.00011637379262190155
bestanden,5.8186896310950775e-05
mitspielte,5.8186896310950775e-05
grizzly,5.8186896310950775e-05
eulenkeks,5.8186896310950775e-05
verfüttert,5.8186896310950775e-05
kochten,5.8186896310950775e-05
spass,5.8186896310950775e-05
sassen,0.00011637379262190155
angezogen,5.8186896310950775e-05
victorie,5.8186896310950775e-05
erkannte,0.00011637379262190155
siegessicher,5.8186896310950775e-05
blauen,5.8186896310950775e-05
blatt,5.8186896310950775e-05
malen,5.8186896310950775e-05
feuereifer,5.8186896310950775e-05
kunst,5.8186896310950775e-05
strichmännchen,5.8186896310950775e-05
malt,5.8186896310950775e-05
schlafenden,5.8186896310950775e-05
hauslehrer,5.8186896310950775e-05
mittelalterliche,5.8186896310950775e-05
methoden,5.8186896310950775e-05
sechs,5.8186896310950775e-05
meisten,5.8186896310950775e-05
familienmitglieder,5.8186896310950775e-05
vorzüglich,5.8186896310950775e-05
entsetzen,5.8186896310950775e-05
erzählungen,5.8186896310950775e-05
neun,5.8186896310950775e-05
gryffindor,5.8186896310950775e-05
wichtig,5.8186896310950775e-05
herauskamen,5.8186896310950775e-05
verräterische,5.8186896310950775e-05
herz,5.8186896310950775e-05
zerbrach,5.8186896310950775e-05
leblos,5.8186896310950775e-05
hervor,0.00011637379262190155
riecht,5.8186896310950775e-05
wuschelte,5.8186896310950775e-05
rührei,5.8186896310950775e-05
aufs,5.8186896310950775e-05
ablenkung,5.8186896310950775e-05
kommst,5.8186896310950775e-05
verbraten,5.8186896310950775e-05
kalte,5.8186896310950775e-05
flüsterte,5.8186896310950775e-05
fingen,5.8186896310950775e-05
waten,5.8186896310950775e-05
erschauderte,5.8186896310950775e-05
drauf,5.8186896310950775e-05
fliegengewicht,5.8186896310950775e-05
entfuhr,5.8186896310950775e-05
dumpfes,5.8186896310950775e-05
uff,5.8186896310950775e-05
andys,5.8186896310950775e-05
lautstarken,5.8186896310950775e-05
auseinandersetzungen,5.8186896310950775e-05
zaubereiminister,5.8186896310950775e-05
erkenntnis,5.8186896310950775e-05
älteste,5.8186896310950775e-05
blackschwestern,5.8186896310950775e-05
hochzeit,5.8186896310950775e-05
teilnehmen,5.8186896310950775e-05
generell,5.8186896310950775e-05
biss,5.8186896310950775e-05
lippe,5.8186896310950775e-05
sitzordnung,5.8186896310950775e-05
gestrichen,5.8186896310950775e-05
kurzfristig,5.8186896310950775e-05
hineingebastelt,5.8186896310950775e-05
dargebotenen,5.8186896310950775e-05
alternative,5.8186896310950775e-05
kerker,5.8186896310950775e-05
kennen,5.8186896310950775e-05
lernen,5.8186896310950775e-05
runden,5.8186896310950775e-05
herausfinden,5.8186896310950775e-05
geküsst,5.8186896310950775e-05
geübt,5.8186896310950775e-05
absolut,5.8186896310950775e-05
reihe,5.8186896310950775e-05
pflicht,0.00011637379262190155
selbstbewusst,5.8186896310950775e-05
funkelte,5.8186896310950775e-05
herausforderndes,5.8186896310950775e-05
glitzern,5.8186896310950775e-05
hohen,5.8186896310950775e-05
stimme,5.8186896310950775e-05
master,0.0002909344815547539
folgt,5.8186896310950775e-05
twinky,5.8186896310950775e-05
leitete,5.8186896310950775e-05
marmor,5.8186896310950775e-05
gekleidete,5.8186896310950775e-05
eingangshalle,5.8186896310950775e-05
begrüßt,5.8186896310950775e-05
treffen,5.8186896310950775e-05
nett,5.8186896310950775e-05
kennenzulernen,5.8186896310950775e-05
mister,5.8186896310950775e-05
eich,5.8186896310950775e-05
unwohl,5.8186896310950775e-05
immerhin,5.8186896310950775e-05
erlaubt,5.8186896310950775e-05
hoffe,5.8186896310950775e-05
hungrig,5.8186896310950775e-05
rechts,0.00011637379262190155
führte,5.8186896310950775e-05
klärte,5.8186896310950775e-05
trennten,5.8186896310950775e-05
beeindruckend,5.8186896310950775e-05
schmeckt,0.00011637379262190155
prongslet,5.8186896310950775e-05
leckeres,5.8186896310950775e-05
feuers,5.8186896310950775e-05
komfortablen,5.8186896310950775e-05
szene,5.8186896310950775e-05
wütend,5.8186896310950775e-05
mussen,5.8186896310950775e-05
bedeutet,5.8186896310950775e-05
kommode,5.8186896310950775e-05
winestocks,5.8186896310950775e-05
zeigten,5.8186896310950775e-05
metamorphmagier,5.8186896310950775e-05
halbveela,5.8186896310950775e-05
unverbesserliche,5.8186896310950775e-05
charmeur,5.8186896310950775e-05
begnadete,5.8186896310950775e-05
quiddtichspieler,5.8186896310950775e-05
geschafft,5.8186896310950775e-05
jahrelange,5.8186896310950775e-05
feindschaft,5.8186896310950775e-05
beseitigen,5.8186896310950775e-05
sozusagen,5.8186896310950775e-05
öfters,5.8186896310950775e-05
schläft,5.8186896310950775e-05
kuscheln,5.8186896310950775e-05
abgesehen,5.8186896310950775e-05
bestürzt,5.8186896310950775e-05
strickt,5.8186896310950775e-05
schals,5.8186896310950775e-05
mützen,5.8186896310950775e-05
vorbereitet,5.8186896310950775e-05
dünner,5.8186896310950775e-05
schweißfilm,5.8186896310950775e-05
bedeckt,5.8186896310950775e-05
denkst,5.8186896310950775e-05
you,5.8186896310950775e-05
think,5.8186896310950775e-05
of,0.00011637379262190155
your,5.8186896310950775e-05
friends,5.8186896310950775e-05
and,0.00011637379262190155
the,5.8186896310950775e-05
always,5.8186896310950775e-05
stehenden,5.8186896310950775e-05
gäste,5.8186896310950775e-05
brachen,5.8186896310950775e-05
gelächter,5.8186896310950775e-05
knien,5.8186896310950775e-05
wunderbar,0.00011637379262190155
tolle,5.8186896310950775e-05
truppe,5.8186896310950775e-05
loch,5.8186896310950775e-05
entführt,5.8186896310950775e-05
gesorgt,5.8186896310950775e-05
wegmusste,5.8186896310950775e-05
grips,5.8186896310950775e-05
unrecht,5.8186896310950775e-05
zwillingen,5.8186896310950775e-05
wechselten,5.8186896310950775e-05
bezweifelte,5.8186896310950775e-05
existierte,5.8186896310950775e-05
selten,5.8186896310950775e-05
erwähnte,5.8186896310950775e-05
ted,0.00011637379262190155
gekämpft,5.8186896310950775e-05
geopfert,5.8186896310950775e-05
reinblütige,5.8186896310950775e-05
halbblütige,5.8186896310950775e-05
muggelstämmige,5.8186896310950775e-05
zauberer,5.8186896310950775e-05
reine,5.8186896310950775e-05
feier,0.00011637379262190155
willkommen,5.8186896310950775e-05
fehl,5.8186896310950775e-05
gedächtnis,5.8186896310950775e-05
größten,5.8186896310950775e-05
triumphe,5.8186896310950775e-05
lebens,5.8186896310950775e-05
rebelliert,5.8186896310950775e-05
getan,5.8186896310950775e-05
tauchte,5.8186896310950775e-05
herrlich,5.8186896310950775e-05
verwirrten,5.8186896310950775e-05
vergeblich,5.8186896310950775e-05
verbergen,5.8186896310950775e-05
beeilte,0.00011637379262190155
früheren,5.8186896310950775e-05
begegnungen,5.8186896310950775e-05
geheim,5.8186896310950775e-05
zögerlich,5.8186896310950775e-05
auffordernd,5.8186896310950775e-05
aufstand,5.8186896310950775e-05
aufrückte,5.8186896310950775e-05
setzen,5.8186896310950775e-05
passte,5.8186896310950775e-05
genießen,5.8186896310950775e-05
tanzen,5.8186896310950775e-05
bewegen,5.8186896310950775e-05
fütterte,5.8186896310950775e-05
hochzeitstorte,0.00011637379262190155
beigetragen,5.8186896310950775e-05
laufend,5.8186896310950775e-05
getanzt,5.8186896310950775e-05
gelegenheit,5.8186896310950775e-05
abgenommen,5.8186896310950775e-05
ausrede,5.8186896310950775e-05
tanzflüche,5.8186896310950775e-05
tanzte,5.8186896310950775e-05
reinblüter,5.8186896310950775e-05
laufe,5.8186896310950775e-05
jugend,5.8186896310950775e-05
gezwungen,5.8186896310950775e-05
grundschritte,5.8186896310950775e-05
ausfallen,5.8186896310950775e-05
jähriger,5.8186896310950775e-05
m,5.8186896310950775e-05
ritter,5.8186896310950775e-05
prinzen,5.8186896310950775e-05
königreich,5.8186896310950775e-05
riesig,5.8186896310950775e-05
ruhiger,5.8186896310950775e-05
hollow,5.8186896310950775e-05
entscheidenden,5.8186896310950775e-05
impuls,5.8186896310950775e-05
wohngemeinschaft,5.8186896310950775e-05
frieden,5.8186896310950775e-05
herrschte,5.8186896310950775e-05
patensohn,5.8186896310950775e-05
